88152
52863
48907
21595
111014
95193
92236
95852
84918
88653
126252
118962
101076
39343
123095
133889
129523
125167
125101
4136
126009
127206
115597
127063
120582
138078
137586
93066
124187
84399
42855
129810
124066
119949
121742
125442
101523
126374
127303
128950
136911
130236
102708
93120
95896
91129
95986
126162
137058
55420
81116
126130
54151
93231
54838
76099
85270
137782
35067
49955
56707
125906
43152
98916
62819
102151
131996
125836
126810
134507
135829
137316
129124
135757
128222
117129
127895
116127
137427
124535
82247
41039
44477
43085
50277
48461
48043
44723
44788
51737
78462
86420
56135
59056
54733
87337
86843
92005
72247
56607
42844
63053
88505
57679
88367
124134
50297
16839
79076
39781
88136
52809
28825
52794
12603
129242
127947
102288
101366
58877
126955
51044
3300
74013
45279
54389
7149
41899
39312
61831
81720
93044
39042
84186
41819
61498
96402
62377
57071
46125
85146
73795
74598
87678
52393
87949
43330
60652
85714
88204
95354
94600
96100
40923
102518
117165
90627
135551
58428
118275
128026
118525
18581
126494
124096
126940
137397
126186
51689
52621
49321
31471
93180
88579
89005
87175
101494
120749
126714
52721
126242
129044
41714
52955
92697
67668
71779
59742
94738
88544
53661
53150
35947
93655
91508
42375
130809
52756
24352
77051
86475
70963
61759
86383
47319
112825
43375
76556
89288
39765
57882
92431
52383
69789
94258
94018
101846
71438
31592
90140
136654
83970
136090
55308
96389
39760
119547
93163
46794
90015
55809
6271
55856
134098
61248
95256
67692
123534
51623
10089
88432
48456
92694
38177
73677
96016
64092
7319
53027
134915
135346
35221
93253
124178
125825
88721
93449
61003
80578
125039
40236
50302
53109
69968
51253
85557
28758
120312
48138
83630
61542
93296
88000
82878
42549
103330
122640
105680
62976
63242
87984
78927
49329
93549
120447
123564
57624
86573
31853
130781
101168
105390
130450
126756
134514
130379
124388
123384
118072
18303
91495
126952
1029
50301
55729
94791
56193
55737
56370
49123
43407
49269
87377
88644
43082
31606
51391
92120
16745
87820
86779
56977
93002
87328
117339
124621
118050
126030
135843
124672
122158
107614
47037
126092
19017
127216
89394
50895
56698
55342
57008
91333
57474
46858
44460
46284
48227
43847
52707
83584
86454
85649
89954
90066
27746
57849
47645
42508
42884
91248
107594
49271
123049
54912
77585
121264
81642
125065
110208
38073
125300
93178
135560
126328
59143
92938
92395
101075
131155
134822
124230
124509
120536
126978
62001
55347
66096
92845
128281
3502
126168
3670
88909
92552
91980
93275
39601
46205
96516
87918
87330
88501
48988
50163
82243
84783
89573
84750
89151
61679
59636
79421
87421
97423
86902
91780
95974
101377
134193
89039
86430
88947
128205
135623
126670
41896
36420
137365
59053
88124
122561
43208
127337
93071
21279
121958
88089
134104
124132
94894
91425
46645
108979
59038
88255
42027
87403
96373
92827
86699
70919
89981
31534
58267
47882
94747
87698
135926
136950
51796
133596
77102
92526
40650
51000
91703
81714
92554
92712
91460
38308
48287
45512
78878
67880
59318
86758
78557
51897
93886
118182
82020
85571
61835
90062
60577
73022
69547
56602
60926
93633
88011
88069
88325
124565
37955
123289
126456
124710
103938
126055
123836
126174
137364
127092
128807
124919
38276
41788
91547
56564
85364
29985
87604
95884
88004
8104
45807
112513
125377
77527
57116
136805
41773
34589
56190
56790
89727
58357
128227
133242
56604
99171
124647
80126
84238
87425
90523
88942
94372
94649
93200
92186
102053
124311
116358
15203
107757
101271
128842
135325
119095
131388
136349
136680
63822
64130
25914
57392
73261
91669
83657
94293
124295
42885
41551
95745
118978
71218
48769
123124
118478
125932
127509
126543
136695
128973
135195
129319
135630
61689
63544
56233
60948
90161
44883
49169
49719
132714
64922
90475
91863
92961
100184
63781
115861
92879
89620
117747
126288
73167
87029
101342
29954
49693
27965
37957
41213
37870
55644
45997
87993
47637
95796
51938
52601
63377
88332
58861
53918
54194
68836
92564
91346
94961
88802
89053
114062
127215
126951
101466
126185
129229
20939
85866
90209
124692
92002
41086
89544
44516
2295
8214
52945
90877
83430
128093
88598
94842
3477
84169
121266
114125
105751
93416
28074
41573
134380
49183
128865
91174
93131
84673
75009
38238
16603
79976
87539
94087
88822
92462
45653
130929
56819
134744
39481
136920
132626
70180
126812
126739
122628
130264
129549
136699
83337
130468
21673
49408
55305
25128
58132
58656
87386
45639
49443
93686
93303
91695
88350
93437
88549
83925
92862
42710
71871
87358
101538
123791
47633
50584
95430
52460
85404
49164
78036
72530
74481
72903
88368
61837
67121
12041
83645
113798
123681
29669
51423
84897
129394
102213
136266
41177
21217
126315
92215
128236
52664
91073
91092
38660
46607
50954
88740
89908
125583
86685
62249
88114
118646
47652
93598
58008
95507
116338
116001
125481
129455
21337
120227
47069
125262
135959
136110
128662
137330
137882
54811
40671
37939
36564
32986
62219
60676
71498
61615
79855
59567
61452
88566
72982
128251
118083
128485
137611
116565
122733
126398
20885
123736
59843
128068
85359
1343
27821
95646
129735
82262
52771
77453
89569
134461
88225
48104
90997
125398
90407
93020
87068
124051
80889
89189
130919
59138
51824
68173
74420
136688
88275
116512
127773
125950
125325
137293
123984
137205
132691
74108
53542
113690
124508
89982
114429
93361
41488
90857
88035
68860
6164
24313
27830
35171
49576
76198
78195
83619
76979
50312
53338
43693
56268
59862
57281
57412
88668
87853
94378
88313
93941
90030
40949
35868
41011
66725
54686
58566
93003
82345
37829
40742
93536
94063
87030
15642
64743
55795
92214
40528
93706
58619
57770
64915
87085
60560
49035
85469
70395
91605
87165
59207
95616
87567
40798
101300
92091
50327
69075
55950
87235
81187
87062
94748
88848
92279
100511
131041
131841
105785
135116
101701
125494
108086
126182
127456
53181
61966
57364
43678
44098
126711
51832
74412
76460
82228
86677
88236
60127
125135
78363
36562
95283
26389
88687
82971
29531
58424
90582
89958
87201
83964
69363
54629
106211
134611
3645
22744
133394
10524
40831
91413
73578
39323
89586
90679
82712
91884
91927
57860
53560
112921
52402
124597
135260
54760
59209
127776
56465
84066
94941
58968
101964
131130
34118
51090
86063
94171
39815
86799
96192
118200
125947
85688
87890
64886
86040
3887
78821
91424
39380
75047
34063
55386
49695
92981
43518
39933
93986
59785
127355
46628
94794
87961
133576
95231
87455
87101
121052
47460
126142
90586
129656
88382
74210
48513
44176
31233
83208
47744
66048
63632
53647
57397
80801
86810
90942
58009
58998
61620
94091
13700
84161
90416
92516
80899
87186
128972
123151
137717
102704
118630
136468
124154
5548
43692
38668
83940
47270
76542
49563
78327
90098
88098
89095
85651
94890
91502
100811
41341
67281
114435
137528
102242
125287
120393
124792
122998
88666
58630
57621
53672
57690
40712
126980
59586
11199
95204
53483
50858
53870
38633
83101
88037
70138
48023
50468
80032
78846
92524
88483
93384
79931
68298
75377
54282
124914
125426
62977
133846
125790
92191
112861
130049
122224
135941
126833
128718
102469
126459
128646
133360
130194
19190
19061
19461
93036
94120
34509
41473
89772
86767
51640
90316
38179
61590
63355
62044
95516
98102
126088
33014
68501
84245
85879
101296
88930
93814
92484
92821
116301
113183
91439
87691
125843
89820
91696
134956
57435
100557
41932
58846
116180
45426
39752
95706
84530
91312
87343
44961
47680
45956
131829
39928
127331
49710
89505
30740
33695
44671
21572
42114
45779
23745
32788
45776
26702
27472
41994
48385
43792
26775
20322
18748
2963
24735
26228
25410
97017
42373
33498
26716
27112
9043
