49245,1
65681,0
78073,1
7072,0
45475,1
29380,1
26151,1
42940,0
61929,1
28911,0
411588,0
10633,1
62175,0
272550,1
132923,0
23951,1
216765,0
20959,1
58635,1
468495,0
1990,1
65743,0
142637,0
19360,1
455134,0
39704,0
54904,1
9596,1
255699,1
253773,1
47087,0
101710,0
9781,1
29446,0
200905,1
58605,0
52209,0
111969,0
52537,0
33028,1
3020,0
38404,0
176358,1
86487,0
44221,1
204029,1
5286,1
97530,1
4804,1
80854,1
6365,1
26000,1
271615,1
72963,1
32885,0
59309,0
219077,0
55452,1
55008,1
45519,1
10242,1
95836,1
83381,0
51658,1
46205,0
74978,1
42152,1
65612,0
19704,1
71671,0
83294,1
83984,1
58674,1
26027,1
32569,1
66989,0
18715,1
223601,1
32656,0
32520,1
41220,1
56653,1
19446,1
231640,0
29318,1
232704,0
22984,1
18399,1
61358,1
54352,0
96633,0
68557,1
66853,1
20601,1
422169,0
83615,1
126330,1
87889,0
54761,0
278669,1
67743,1
23057,1
20284,1
83013,0
40952,0
192569,1
93663,1
41696,1
85147,0
66397,0
26452,1
74827,0
40756,1
42450,1
242892,0
73354,1
25038,1
34452,1
81982,0
116452,0
2743,1
61462,0
37736,1
2952,1
23122,1
59610,0
37171,1
7047,1
61729,1
279893,1
14734,1
44803,0
23932,1
90306,1
100564,1
119421,0
46673,1
81095,1
155119,1
69478,1
33166,1
71290,1
46023,1
154011,1
82049,1
28180,1
336599,0
132967,1
53043,1
109390,0
116215,0
38416,0
47942,1
54539,0
18244,0
210706,0
39683,1
377359,0
29984,1
140101,0
86669,0
371,0
55518,0
13588,1
15799,1
23236,1
39839,0
4935,1
200532,0
35960,0
16513,1
64887,1
87482,1
57435,1
88322,0
2328,1
27386,1
49007,1
75343,1
92466,1
429742,0
27978,1
33971,1
72408,1
91420,1
3322,1
56537,0
55911,1
67649,1
48179,0
229511,1
29537,0
13896,1
236790,1
46271,1
56325,0
26159,0
466326,0
23635,1
65683,0
42293,1
28649,1
219087,0
55903,1
119314,0
79535,1
77052,1
124985,0
82785,1
26187,1
72608,0
7640,1
30054,0
78401,0
143457,0
20950,1
62752,0
84677,0
44073,1
85347,0
52962,1
76427,1
36715,1
126426,0
10692,1
301635,0
7616,1
193956,1
77961,1
58028,1
208848,1
92877,1
8513,1
24680,1
32869,0
690,1
83326,0
25278,0
26636,1
17500,0
16463,1
22325,1
29150,1
444589,0
58768,1
48003,0
100215,1
32109,0
27244,1
78822,1
14592,1
69664,1
343197,0
6751,1
165541,1
74357,1
55740,0
30958,1
27930,1
61482,0
89118,1
15258,1
185802,1
41475,1
27211,1
277662,0
82331,1
411211,0
13778,1
9346,1
3484,0
95689,0
10484,0
68257,0
16590,1
18746,0
80710,1
64511,1
1802,1
79555,1
6610,0
3767,1
74692,1
25650,1
115911,1
304674,0
52131,1
44778,1
79572,1
147119,0
54879,1
31379,1
79757,0
83257,1
8897,0
25400,1
37998,0
87303,0
86463,1
81250,1
77300,1
55325,1
31333,1
82942,1
13852,1
63317,0
237870,0
5353,1
790,1
87540,1
13195,1
55998,0
145074,0
178978,1
123358,0
23217,1
120313,0
47801,0
46036,1
71942,0
97933,1
15634,1
39303,1
5414,1
223014,0
54898,1
16000,0
10889,1
23798,1
61696,1
84051,1
83433,0
158383,1
21939,1
54413,1
51263,1
19555,1
386859,0
412649,0
132562,1
90526,0
26623,0
37180,1
140854,0
25562,1
7272,0
10925,0
3261,1
147316,0
60928,0
51110,1
82927,0
78595,0
53699,1
36694,1
112317,0
16396,1
28060,0
39062,1
103331,0
84878,1
22848,1
73610,0
40866,1
23273,1
8497,1
16655,0
80361,1
91388,0
63161,1
21076,1
114969,0
54306,0
21099,1
216568,1
86662,1
79748,0
183646,1
22874,0
75455,1
11976,1
78487,1
24618,1
10935,0
78035,0
32333,0
46507,1
280824,1
1610,1
87730,1
48457,0
43367,1
28804,1
26189,1
55815,1
186917,1
261351,1
26347,1
71799,1
97241,1
25199,1
78363,0
5418,0
78811,1
41117,1
71858,1
27483,1
140819,1
39094,1
25007,1
467906,0
45042,0
251085,0
58881,1
20972,1
88030,0
50276,1
54854,0
43224,1
41689,1
94714,1
51936,1
16448,1
11680,1
78836,1
31891,0
28398,1
337172,0
113462,0
38672,1
24894,0
81577,1
27347,0
80608,1
145289,0
30589,1
59631,1
56374,0
26675,1
22204,1
29813,1
24224,1
57789,1
6522,1
45763,1
131480,0
414471,0
226310,0
49155,0
30033,1
5668,0
20846,1
41061,1
81098,1
63185,1
70982,1
33360,1
47221,0
30099,0
23491,0
357439,0
23347,1
3673,1
38767,1
32417,0
13680,0
216224,1
45125,0
47131,1
7023,0
398712,0
4860,1
59285,0
55402,1
50534,0
82444,0
215980,1
10687,1
66144,0
95192,1
3131,1
22927,1
165579,1
89011,1
44662,0
81186,1
19144,1
55223,0
42016,1
5182,1
31938,1
254349,1
315562,0
98346,0
41648,0
58792,1
52268,1
72734,0
1426,1
204309,1
9252,0
62710,1
41734,1
111404,0
1972,0
52243,0
29710,1
30178,1
984,0
89322,1
63312,0
34509,1
13662,1
12719,1
25004,0
116413,0
419550,0
122965,0
73323,0
108593,1
142868,1
215360,0
340,1
43439,0
2706,0
70881,1
67621,0
100859,1
33504,0
38760,1
201118,1
82323,1
47963,1
184655,1
16133,1
63943,1
32729,1
295947,0
258079,0
82588,1
138504,0
35899,0
84513,1
30258,1
242835,0
79246,1
94885,0
119393,0
33657,1
44371,1
70836,1
83693,1
393786,0
109881,1
82744,1
56066,0
464716,0
8969,1
45215,1
121006,0
137729,1
78435,1
5126,1
38834,0
16368,0
44402,1
47685,0
73042,1
44080,1
121625,0
82192,1
16838,1
393841,0
20542,1
60313,0
236236,0
31012,1
23189,0
19093,0
236818,0
75339,0
33792,1
46927,0
201681,0
33347,1
471548,0
34102,1
34882,1
82127,0
96557,1
19551,1
97845,0
63211,1
45085,0
41298,1
77122,0
85650,0
128256,0
6867,1
145155,1
32456,1
234960,0
6200,1
20489,1
76224,1
166117,1
193924,1
41242,1
9433,1
17149,0
17372,1
17398,1
96155,1
40909,1
30533,0
65552,0
48170,1
216821,0
20700,0
162308,0
68434,1
160909,0
77725,1
65398,0
39409,1
71018,1
55715,1
414539,0
410314,0
31218,1
26919,1
197689,1
213583,1
68278,1
34206,0
52961,0
31749,1
367581,0
186399,0
51353,0
89961,0
44814,1
50368,1
58004,1
244095,1
74994,1
22903,1
44437,1
57611,1
39446,1
97457,0
64885,1
84202,1
23814,1
13758,1
40913,0
77689,1
24744,1
42760,1
33358,1
18916,0
63690,1
265744,0
89890,0
210807,1
37323,1
70315,0
70469,1
258604,0
56322,1
41840,1
36163,1
29156,1
55879,1
35221,1
11643,0
41832,0
76930,0
138214,0
24268,1
86773,1
78859,1
5132,1
31370,1
43614,0
103744,0
122669,0
80865,1
167830,1
61974,0
84460,1
24480,1
168,0
64252,1
127314,1
20960,1
35826,1
42373,1
86323,1
124544,0
242070,1
21272,1
67360,1
131999,0
66680,1
20919,0
53775,0
25993,1
32034,1
9882,0
86408,1
69301,0
258417,1
39881,1
85597,1
171008,1
81751,0
13954,1
79151,0
39789,0
36976,0
13858,1
118890,0
147865,1
47498,0
45657,0
31303,1
49546,0
33821,0
47353,1
39725,0
2040,1
84564,1
49720,1
39420,0
16444,1
58131,0
89748,0
25031,1
16968,1
83870,1
69371,1
5090,1
61071,1
34446,0
391488,0
6041,1
23253,1
24085,1
143981,0
72049,1
78095,1
2779,1
65409,0
37521,1
51275,0
20591,0
32395,1
14095,1
31701,1
7758,0
258515,0
8414,0
11541,1
78478,1
85853,1
30752,1
296420,0
21859,0
77150,1
31106,1
129609,0
78664,1
153997,1
210131,0
218236,0
96680,0
11206,1
61844,0
88365,0
80591,0
117107,0
193497,1
136093,0
40235,1
56960,1
34624,1
43032,0
38959,1
68147,1
3487,0
76678,0
23906,1
42421,1
20661,1
81436,1
64405,1
126387,0
88621,1
29153,0
188012,1
19157,1
66992,1
15545,1
85821,1
102467,0
255554,0
97535,0
61733,1
55317,0
75518,1
1552,1
48563,1
33639,1
67021,1
85357,1
106230,1
21243,1
60186,1
47451,0
69137,1
29056,0
21170,1
33306,1
106538,0
84403,1
99912,0
3865,0
131721,0
20540,1
53987,0
86946,1
6793,1
88302,0
84987,0
60375,1
54012,0
35620,1
127087,0
29325,0
25605,1
36543,0
20231,1
89783,1
4146,1
224939,1
71929,0
85546,1
229296,1
277,1
74140,1
376698,0
64367,1
39157,0
95055,0
42224,1
24221,1
5696,1
24755,0
72654,0
82148,1
29324,1
29998,0
35897,1
40080,0
433664,0
19825,0
64995,0
26286,1
168386,0
93550,0
258380,0
50876,1
123969,0
56829,1
49564,1
54245,1
32048,1
26035,0
280123,1
6049,1
24208,1
69508,1
32173,0
198136,1
87,1
219255,1
53405,0
99127,0
42836,1
62195,1
182856,0
189211,1
42204,0
50582,1
45739,0
98462,0
63830,1
28796,1
1462,0
16043,1
66421,0
445562,0
17584,1
72409,1
12378,1
64177,0
48169,0
238573,1
22255,1
131197,0
62304,1
344023,0
28198,1
65001,1
26233,0
202621,1
73596,1
180061,1
10849,1
432328,0
6931,1
25470,1
21811,0
34602,0
55598,1
62190,1
100857,1
46320,1
26442,1
703,0
73924,1
37452,1
3235,1
106912,1
91041,1
239903,1
34551,1
75225,1
454047,0
221118,1
6688,1
4959,0
17552,1
58793,0
180388,1
27918,1
23492,1
44959,0
39563,1
126012,0
17891,1
8759,0
41470,1
77328,1
41023,1
23624,0
136318,1
124250,0
47731,1
3978,0
24398,0
19932,1
29058,1
48355,1
448942,0
71355,1
77769,1
135987,0
70540,0
59563,0
104220,0
113324,1
65627,1
54661,1
84855,1
59681,1
57696,1
134720,0
99303,1
70023,0
46094,1
67667,0
39406,1
45919,0
83820,0
39366,1
279785,1
69589,1
246952,1
4588,1
29090,1
38568,1
25411,1
42162,1
40921,1
31079,0
69836,0
27013,1
31729,0
4224,1
26081,1
7524,1
48037,1
19971,1
3016,1
37976,1
3344,0
9986,0
25794,1
65116,1
82056,1
17820,1
4469,1
411790,0
166511,1
67857,0
266800,0
34313,1
96535,1
86684,0
22327,1
56267,1
93400,0
36153,1
89781,0
43500,1
37184,1
49713,1
29574,0
52931,1
234135,1
99129,1
9282,0
85231,1
89068,1
46011,0
12541,0
61713,1
58673,0
96759,0
43519,1
155157,0
140701,0
85790,0
19952,1
37601,0
70086,0
90124,0
64460,0
69114,0
58329,0
5339,0
67761,0
19108,1
65840,0
23085,0
7841,1
28345,1
75176,1
39875,1
27581,1
271646,1
322190,0
104010,0
103853,0
32752,1
54733,1
31256,0
110876,0
35869,1
13032,0
149836,1
36085,1
87872,0
2225,1
200884,1
38123,1
33225,0
36733,1
20439,1
80241,1
226409,1
43698,1
68780,0
115763,0
85444,1
37108,1
208754,1
227490,1
166096,1
134929,1
34713,1
56898,1
59913,0
59662,1
52952,0
83443,1
84924,1
56042,1
448779,0
42409,0
336571,0
42481,1
69032,1
21367,1
51959,1
9337,1
98024,1
55176,1
76133,1
191388,1
40023,1
71508,1
115090,0
23056,1
86467,1
56605,0
9278,1
84514,1
114538,0
122876,0
66159,1
1846,0
273551,1
246492,0
30412,1
59268,1
70143,0
14646,1
45333,1
51266,1
77524,1
219659,0
28661,0
44747,0
91935,0
123620,0
10663,0
25443,0
50042,0
19228,1
68747,1
31855,0
25436,1
239841,1
222429,1
65450,0
12320,1
77463,1
97129,1
329556,0
15256,1
167155,0
53176,1
79467,1
46774,0
37824,0
12988,1
35862,1
19442,1
194293,1
45088,0
50662,0
102005,0
41483,1
33241,1
78268,1
172732,0
466418,0
53163,0
39621,1
1484,1
53973,1
106474,1
32015,1
69447,0
62249,1
252442,0
48890,1
25910,1
169341,1
29535,1
155774,0
80725,0
93182,1
55523,1
21268,1
322928,0
98666,0
416836,0
18982,1
256524,0
52422,0
368638,0
83410,1
20085,1
22877,1
83448,1
53597,0
17312,1
25119,1
39529,1
26746,1
16293,0
39660,1
10462,0
140173,1
60908,1
93532,1
30857,0
22118,1
316205,0
81640,1
26486,1
69817,0
19674,1
40692,0
31521,1
122714,0
42699,1
25077,0
8710,1
48858,1
70198,0
66574,1
77176,1
22737,1
134022,1
39718,0
54731,1
42696,0
28818,0
65041,1
159168,0
76922,1
13578,1
88881,1
26246,1
68010,1
270460,0
49414,1
23570,1
19816,1
82360,1
196674,1
93386,1
49445,1
43988,1
31630,1
3372,1
162435,1
22873,1
309183,0
46879,1
336355,0
220133,1
76564,1
94283,0
78659,1
40359,0
62379,0
59986,0
83962,1
6851,1
200556,1
379315,0
110804,0
33725,1
151283,1
31174,1
133221,0
220212,1
22495,1
60699,1
7994,0
60982,0
120188,1
2255,1
31088,1
47188,0
45300,1
48376,0
88625,0
101009,1
35182,1
386697,0
90693,1
33367,0
55406,1
11958,1
23861,1
5217,1
110058,0
27293,1
12261,1
28954,1
1858,0
432954,0
64614,0
3700,1
73911,1
44750,1
21252,1
21398,1
156640,1
32154,1
42558,0
39792,1
55380,0
16730,0
218252,1
38448,1
28867,1
10734,1
58643,1
99982,0
35722,1
77884,1
80383,1
98627,1
56255,1
51734,1
51111,1
20124,1
73372,1
43826,1
9658,0
384502,0
10622,1
355623,0
84239,0
90289,1
79989,1
16308,0
92078,1
45316,1
46265,1
130117,0
77949,1
52745,0
20310,1
9016,1
34702,1
76371,0
11302,0
235861,1
46210,1
35748,1
65138,0
18075,1
41685,0
138895,0
110823,0
230606,0
43365,1
84520,1
13163,1
71833,1
62257,0
97594,0
135196,0
30154,0
32605,1
76736,0
17726,0
32063,1
239515,1
454363,0
227246,1
1750,0
21594,1
2738,1
21063,1
142586,0
70603,0
9941,1
26730,1
66778,1
77999,1
2192,0
99053,0
27837,1
68069,0
36415,0
46450,0
54015,1
36297,1
59432,1
31555,1
54375,0
24498,0
76050,1
14901,0
221473,1
32122,0
27780,1
61117,0
54451,1
35684,1
27108,1
23731,1
33972,1
38441,0
12120,0
15375,1
77431,1
27313,0
87216,0
46739,0
18499,1
138200,0
209670,1
202289,1
193457,1
436272,0
57304,1
121907,0
22410,1
45709,1
93890,1
48189,1
37612,1
44163,1
7767,1
254673,1
37147,1
29408,1
66930,1
81085,1
230260,0
72949,1
23058,1
2521,0
401625,0
44548,1
62689,0
23558,1
62131,1
133819,0
70266,1
212518,1
53834,0
55778,1
9801,1
31704,0
27651,1
116414,0
81268,0
2846,1
96608,0
32864,1
35377,1
12299,1
5963,1
158477,1
104423,0
42949,1
205266,1
40115,1
8741,1
40828,1
61778,0
24812,1
82853,0
17499,1
78007,1
48205,0
27145,0
20360,1
83522,1
21437,1
210169,1
14446,0
217247,1
15685,0
48023,1
221603,1
85730,1
60006,0
27436,1
70428,1
50437,0
433317,0
27743,1
61296,1
12715,1
46805,1
8020,1
30336,1
51268,1
70629,0
3828,1
5502,1
17073,1
130380,1
222652,1
25506,1
23630,1
22197,0
22039,0
213567,1
117399,0
66051,1
49039,1
182689,0
21177,0
23945,0
114667,1
90699,0
57272,1
15222,0
208083,0
170080,1
35514,1
93755,1
84614,1
53884,0
62186,1
316117,0
54684,1
48597,0
77480,1
207605,1
3999,1
49456,1
153505,1
50312,1
114508,0
1901,1
20346,0
174892,1
25630,1
174173,1
45835,1
20827,1
23144,0
151901,1
132136,0
23172,1
40460,1
3212,1
38447,1
55958,1
27286,1
14958,1
48229,1
3618,0
46566,1
45470,0
139515,1
45345,0
47083,1
41580,1
26237,1
29457,0
398,1
24440,1
26140,1
101990,1
63845,1
3098,1
395668,0
4301,0
74997,1
77644,1
32744,1
18480,1
168367,0
21627,1
258642,0
53824,0
423558,0
29743,1
29721,1
23696,1
32495,1
35382,0
53336,1
75000,1
30302,1
64299,1
80823,0
30577,0
21012,1
82206,1
35946,1
61708,0
80594,0
63988,1
41001,1
251576,0
45210,1
43179,1
24641,1
43495,1
342686,0
900,1
53493,0
84653,1
59904,1
37836,0
33377,1
63137,0
37806,0
16800,0
269923,0
216326,0
24997,0
66779,0
27966,1
81495,1
368276,0
45597,1
38361,1
2374,1
70224,1
46067,1
72691,1
20897,1
52662,1
112185,0
440954,0
61598,1
57341,1
37653,0
21770,1
16232,1
60675,1
32286,1
71941,1
30457,1
32210,1
373806,0
955,0
464193,0
75289,1
242648,0
176888,0
57480,0
77259,1
45976,0
64724,0
21447,1
267524,1
32878,0
229395,1
51874,1
27850,1
32054,0
34591,1
495,0
86694,0
132493,0
46914,0
125021,0
20234,1
189044,0
22085,1
86809,1
89308,0
21651,0
464562,0
467136,0
31341,0
48584,0
45862,1
39674,1
42740,1
25676,1
25143,1
21112,1
17881,1
64709,1
90328,1
48886,0
41365,0
1657,0
17833,1
251411,1
15997,0
182993,1
80625,0
86576,1
20535,1
67162,1
103249,0
42898,0
67953,0
38465,1
22549,1
7947,1
73352,1
23178,1
120493,0
64862,0
44162,0
54542,1
42660,1
51954,0
22345,1
40971,0
108783,0
42323,0
5487,1
150191,1
225934,1
22103,1
7916,0
91237,0
78858,1
429506,0
84858,0
19484,0
94726,1
85265,0
107076,1
45788,0
44970,1
32889,1
143532,0
55866,1
99142,1
20335,1
60633,1
47113,1
467323,0
87822,1
81653,1
62838,0
44682,1
52934,0
255599,0
213609,1
80834,0
64840,1
259880,0
19865,1
37098,1
29687,1
56275,1
57972,0
47285,1
6088,0
81530,1
224568,1
83847,1
17413,1
24575,1
38960,1
65035,0
52059,1
24139,1
67372,1
219053,1
32655,1
242052,1
188613,1
85278,1
44830,1
32162,0
50322,0
51323,1
8713,1
22648,1
38666,1
33464,1
55991,0
44505,0
56361,1
142966,1
30778,1
20163,1
58840,0
71485,1
360502,0
7200,1
22991,1
17581,1
36241,0
121415,0
61293,1
96601,1
221519,0
45410,1
58319,1
54164,1
53117,1
141020,0
100742,1
46376,1
77685,0
118312,1
56594,1
28947,0
27029,1
441879,0
183873,0
25973,1
63630,0
69702,1
10475,1
17116,1
185046,1
282087,1
70882,1
18192,1
96135,1
93945,0
24705,0
15,1
246206,0
47674,1
63348,0
460820,0
73676,0
98633,1
37885,1
16810,0
42146,1
30866,1
13463,1
13929,1
15859,1
20338,1
23688,0
72443,0
21236,1
15384,0
80294,1
89978,0
21705,0
102902,0
1579,1
9525,1
197765,0
65996,1
91912,1
463692,0
81500,0
76283,1
36974,1
87768,1
69511,0
216660,1
99650,0
23328,0
63590,1
3584,1
82236,1
29626,1
179841,1
10095,1
420149,0
60333,1
23788,1
26604,1
19318,1
42848,0
81047,0
67844,1
25488,0
224015,0
109464,1
20211,1
50357,0
23039,1
54940,0
82493,0
7633,1
11687,1
24694,1
22461,0
69004,0
133295,1
8654,0
124834,0
41509,0
73312,0
41281,1
173445,1
960,1
47655,1
158209,1
99712,1
9178,1
75604,0
101571,0
28250,0
34635,1
20456,1
453417,0
33615,1
51319,0
44296,0
29237,0
43315,1
196198,1
32421,0
37463,1
382955,0
857,1
7534,1
39995,1
84162,0
29213,1
427940,0
220650,1
455597,0
34320,1
24709,1
89657,0
79887,0
105746,1
318790,0
36626,0
40127,1
378155,0
41480,0
95390,1
13239,0
18905,1
31954,0
52304,1
52325,0
33369,0
129924,1
64268,0
70401,0
40511,1
80647,1
413208,0
36339,0
162438,0
95724,1
29603,1
47976,1
25689,0
10680,0
130209,0
32854,1
121473,0
19562,0
104255,0
42664,0
204144,0
116676,0
24483,1
82106,1
219049,0
155827,0
56497,0
55775,1
46337,1
39844,1
30627,0
62495,1
71367,0
44888,1
72955,0
10073,0
53337,1
2189,1
24672,1
176834,1
62338,1
65239,1
73864,1
107903,1
85643,1
101706,1
12099,0
5453,1
967,0
29564,1
78813,1
35058,1
59979,1
33793,0
83149,0
24975,0
32060,1
78167,0
23173,1
98942,0
78254,0
28058,1
583,1
53826,1
24580,0
71316,0
52602,0
83487,0
13575,1
47930,1
135322,1
47689,0
105621,0
29003,1
63063,0
135303,1
388677,0
11083,1
40598,0
30893,0
227725,0
224589,1
58688,0
60792,1
41020,1
224827,0
48008,1
33703,0
66221,0
19703,1
75978,0
23626,0
17622,1
29043,1
25112,1
63682,1
86450,1
359269,0
7040,1
84734,1
232,0
97331,0
73768,0
10002,0
284010,1
233944,1
19949,1
431653,0
86902,0
99465,0
39474,0
18920,1
78602,1
133677,1
57425,1
100377,0
48202,1
51605,1
43714,0
102296,0
93748,1
57112,1
67485,1
140320,0
17826,1
132753,0
10492,1
31713,1
40051,1
5959,1
23071,1
100135,1
11314,1
78875,1
80182,1
74150,1
31668,1
19192,1
44042,1
40112,1
68205,1
116607,0
227664,0
32822,0
62419,0
7859,1
108530,0
42502,0
64630,1
39403,1
57184,1
107521,0
31084,0
451680,0
9450,1
64600,1
167099,1
473856,0
80538,0
66367,1
18577,1
334876,0
59207,0
3363,1
375428,1
52022,0
93791,1
101624,0
77615,0
447341,0
223536,0
91511,1
205820,0
375197,0
110214,0
41231,0
29424,1
36290,1
52343,1
1215,1
71142,0
45940,0
17517,1
11574,1
38090,0
51082,1
51512,1
21429,1
84594,1
20337,1
34907,1
113587,1
15007,1
230951,0
33077,1
90138,1
45578,1
20614,1
40668,0
37987,1
41207,1
439143,0
162216,0
22928,1
60351,0
3967,0
11651,1
48354,1
29157,0
272366,0
82404,0
121138,0
267533,0
7117,0
463677,0
43974,0
23698,1
10196,1
335418,0
20282,1
64218,1
22212,1
49058,1
126188,0
32690,0
77856,0
458731,0
70405,1
69024,1
12793,0
10350,1
88072,1
164452,1
39532,1
97577,0
89251,1
123364,0
21422,1
69754,1
36892,1
57147,0
285554,1
46043,1
19465,1
56522,0
65434,1
69992,0
3458,0
206719,0
29264,1
23617,1
122926,0
90347,1
49811,1
144948,1
366076,0
22647,1
60827,0
51457,1
37643,1
60177,1
37578,1
173608,1
222000,1
51986,0
45147,1
30651,1
47038,1
82031,1
224061,0
26959,0
48013,1
82527,1
20531,0
32631,0
100623,0
28430,0
182349,0
41353,1
5326,1
30550,1
58709,1
28010,0
205426,0
73976,1
69595,1
64456,1
79695,1
54787,1
194341,0
197004,1
76551,1
23651,1
30645,1
65425,0
49667,0
29803,1
51060,1
39720,0
166270,1
43350,1
44514,1
123341,1
68965,0
85331,1
94864,0
8577,1
15845,1
93128,1
4723,1
96118,1
40116,0
1221,1
79589,1
94792,0
45561,1
2264,1
12367,1
75199,1
28301,1
76212,1
354457,0
82335,1
55539,1
31912,0
54778,1
76867,1
108139,1
50741,1
63104,0
10001,0
52973,1
204443,0
144536,0
23997,1
230462,0
33439,1
214909,1
20699,1
31996,1
96673,0
52091,1
2955,1
8671,1
78429,1
51583,1
2240,1
76686,1
42341,1
32649,1
83440,0
77390,1
50138,1
91368,1
69958,0
419336,0
66678,1
31822,1
16014,0
73007,1
26949,1
119677,1
4632,1
145626,0
59439,1
86574,0
14837,0
27760,1
23644,1
459894,0
84216,1
72694,1
314753,0
122761,0
238254,0
86586,1
73064,1
57181,0
11981,1
39986,1
35333,1
68226,1
226006,1
91328,1
50595,0
35916,1
53407,0
33157,1
189,0
46558,1
36835,1
56466,0
42537,1
122531,0
21128,1
49165,0
14047,1
8376,1
46721,1
1717,1
46292,0
168405,0
36563,1
40654,1
78828,1
14002,1
37411,1
70710,1
178213,0
464976,0
31735,1
30945,1
19508,1
80204,1
27969,1
24123,1
26839,0
81008,0
10361,0
46827,1
37734,1
33107,0
24686,1
53905,1
101821,0
70715,1
138364,1
216980,1
28817,1
33373,1
45332,1
48196,0
265199,1
65713,1
174092,0
41843,1
10207,1
125461,0
11771,0
363,1
288816,1
32933,1
39300,0
21440,1
91710,1
70338,1
25275,1
20302,1
71135,0
390632,0
59352,1
4398,1
59958,1
41627,1
73382,0
23705,1
69965,1
26948,1
43800,1
79488,1
190564,0
78240,0
37185,1
31849,1
99259,1
31198,1
15583,0
71736,1
23543,1
34869,0
325119,0
66241,1
119151,0
30060,1
32459,0
33395,0
86739,1
26599,1
6588,0
85070,1
206986,1
219921,1
63892,1
29375,1
46688,1
185163,0
35123,1
36990,1
24866,0
60607,1
44676,0
81785,0
109310,0
119795,0
425161,0
67868,1
79125,0
466261,0
86582,1
77422,1
71972,1
50869,1
42708,0
184997,0
77239,0
73052,0
20049,0
79127,0
59641,0
66744,1
71037,0
39154,1
52858,1
21329,1
72762,1
46517,1
27879,1
103888,0
124515,0
140201,0
74006,1
42765,1
82483,1
181174,1
67173,0
75846,1
3864,1
19677,1
150386,1
13657,1
20734,1
95087,0
19448,1
51680,0
433847,0
30683,1
222383,1
29397,1
57200,1
207275,1
145278,0
48239,0
67330,1
22078,1
398806,0
37173,1
36675,0
81649,0
30042,1
54381,1
59920,0
7506,1
183746,1
46767,1
93896,1
50102,1
48228,1
36589,0
49015,1
54993,1
116256,0
69737,1
206598,1
210231,1
11132,1
106354,0
46119,0
72840,1
7864,0
99919,1
165702,1
218012,0
65171,1
32081,0
309926,0
58672,1
261031,0
22592,1
21255,0
82725,1
14945,1
41993,1
53005,0
44622,0
16262,0
192390,1
235,1
455,0
15946,1
147207,1
54691,1
28289,1
99870,0
373251,0
54981,1
256815,1
147595,1
50413,0
25053,1
71529,0
84262,0
3089,1
73110,1
35926,1
13650,0
33852,0
145818,0
10026,1
119247,0
55969,1
24116,1
46331,0
211201,1
56461,0
413582,0
72462,1
52126,1
218045,0
13980,1
35035,1
57061,1
78210,0
25578,0
25011,1
59018,1
21320,1
93844,0
60136,1
54605,0
66943,0
103745,0
416514,0
38589,0
218862,1
19129,0
167331,1
26230,1
47283,1
15493,1
2559,1
21648,1
83750,1
162222,0
17928,0
84915,0
75793,1
68234,0
46354,1
26663,1
24833,1
129379,0
229313,1
460314,0
82346,1
84824,1
22515,1
31244,1
406707,0
272786,0
170667,1
248902,0
41408,1
4534,1
19254,0
79073,1
141958,1
36657,1
30863,1
82435,0
45601,1
201173,0
35217,1
91053,0
20374,1
83539,0
22074,0
20511,1
82191,1
15743,1
23636,0
43570,0
25313,1
5894,1
34325,1
6647,1
196855,0
39498,0
31067,0
23746,1
270329,1
26397,1
175606,0
68878,0
18614,0
172363,1
10924,0
4541,1
207019,1
74176,1
17998,1
110118,1
228406,0
470522,0
12260,1
71936,1
49111,0
8174,0
237263,1
24499,1
32021,1
11337,1
60797,1
7575,1
84749,1
37931,1
196004,1
7445,1
163808,1
19436,1
96159,1
16943,1
51429,1
120530,1
85365,1
49219,1
9800,1
68541,0
47929,1
34026,1
162965,1
52127,0
20118,1
35108,1
136802,1
121705,1
2886,0
70517,1
216729,1
86175,1
191497,1
20703,0
59814,0
48002,0
45995,1
31534,1
132966,0
21337,1
108333,0
76311,1
44889,1
1029,1
31248,1
37144,1
59970,0
6154,0
65970,1
39308,1
74676,1
60913,0
8390,1
39525,1
175027,1
42144,1
43459,1
70865,0
179096,1
21768,1
5823,1
178438,0
24132,0
210362,1
50100,0
5978,0
24790,0
19915,0
116580,0
47426,1
97559,1
251460,0
13058,1
67321,1
13672,1
173941,1
126579,1
1688,0
7952,1
65244,1
44509,1
93412,1
56492,0
60721,0
44025,1
23513,1
108801,0
30568,1
71890,0
30292,1
21872,0
25868,1
36824,1
87177,1
14871,1
28550,1
43545,1
18470,1
68488,0
19955,0
86556,0
57397,0
256675,1
94860,1
473988,0
34593,1
23869,1
45546,0
58200,1
32014,0
78284,1
60775,0
49156,1
84359,0
186377,0
227351,1
100347,0
37043,0
196894,1
22933,1
204032,1
94988,0
15361,1
100066,0
153933,0
19959,0
19040,1
38564,0
169474,0
138587,0
178686,1
9860,0
25116,0
57782,1
18064,0
41063,0
76011,1
224904,0
103539,1
50278,0
23914,1
44205,1
28344,0
5411,1
65689,1
173357,1
29449,1
154649,1
79160,0
1143,1
73366,0
79752,1
50857,1
32125,1
60360,0
27514,0
26615,1
62000,0
247229,0
18565,1
247381,0
86634,1
26651,1
22839,1
117490,0
1589,1
41738,1
80947,0
19809,1
232885,1
43562,1
338308,0
53254,0
89684,1
24316,0
13301,1
64652,1
3202,1
88421,1
19841,1
91953,1
59963,1
13996,1
62138,0
34083,1
8514,1
42372,1
25832,1
82674,0
71429,0
89886,0
63046,1
58949,0
70793,1
73019,1
169345,0
94144,0
72181,0
95793,0
40579,1
101675,1
17898,0
72779,0
97316,1
45299,1
74667,1
35986,1
170693,0
71309,1
9350,1
53619,0
118932,0
28120,1
41299,1
85917,1
223950,0
72324,1
58562,1
406611,0
18111,1
216657,1
9349,1
23361,0
236220,0
31781,0
86064,1
211474,1
32469,0
376843,0
33670,1
129205,0
22112,1
145337,0
171389,0
42195,1
60991,0
28195,1
267199,0
28529,1
197825,1
24824,0
49420,1
11685,1
16997,1
38823,0
20756,1
18263,1
192979,1
31606,1
82997,1
81480,0
2404,0
40375,0
408002,0
144270,1
66195,1
36746,1
40494,1
36511,1
193103,1
73874,1
43676,1
34229,0
21731,0
22384,1
13995,0
255719,1
75077,0
113637,0
114140,0
157288,0
24778,0
4816,1
31135,0
196085,1
72637,1
123718,0
71200,1
184783,0
38172,0
86948,1
64067,0
52477,0
232779,1
53452,1
236398,0
44398,1
101083,1
53213,1
2331,1
39497,1
64162,1
15715,1
18585,1
38206,1
36227,1
151463,1
37534,0
27762,1
227760,1
22165,0
39690,1
120302,0
46742,1
10560,1
50943,1
5893,0
70890,0
84493,1
36057,0
60088,1
124915,0
236592,1
57466,0
12997,0
33578,0
45685,0
25315,1
85742,1
41024,1
113138,1
71043,1
15040,1
36496,0
23156,1
103724,0
57288,1
40609,0
41032,1
219041,1
13951,0
161569,1
67221,0
43773,1
74544,1
11361,1
32010,1
10900,1
22215,1
269471,0
10641,1
156092,1
31377,1
62918,0
33477,1
57121,1
113072,0
30392,1
126165,0
190487,1
117371,0
95517,0
36244,0
427176,0
360955,0
35863,1
184536,1
92263,0
25955,1
228725,1
90348,1
14384,0
37234,1
30090,1
205679,1
37576,1
66666,1
81951,1
31179,1
64061,1
6769,1
414297,0
288956,1
119210,0
32205,1
36134,1
53882,1
37779,0
108495,0
126014,1
75933,1
4791,0
26661,1
97139,0
66252,0
81505,1
26886,0
31709,1
31043,1
18818,0
19220,1
56248,1
367283,0
62936,0
74508,1
14258,0
1161,0
72320,0
50160,0
131365,0
179058,0
43878,1
61396,1
22083,1
110213,0
36047,1
76138,0
77616,0
16158,1
74875,0
27194,1
234391,1
14342,0
76072,1
20214,1
88809,1
216144,1
322337,0
40456,1
66117,0
61390,0
389876,0
451,1
3580,1
79889,1
28091,1
19534,1
215816,1
55732,1
88606,1
124346,0
81158,1
46725,1
73942,0
25551,1
97750,0
142411,0
41604,1
38847,1
38506,1
33693,1
30073,1
24865,1
174840,0
105068,1
136540,0
35674,1
249,1
86294,0
213278,0
41208,0
118787,0
26935,1
89140,0
64057,0
44067,1
18299,1
67515,1
2807,0
16341,1
199103,0
48154,1
18011,1
52914,0
36032,0
13966,1
24514,1
86130,0
426957,0
53354,1
44119,1
27725,0
119877,0
9110,1
17408,1
44466,0
236672,1
38023,1
22757,1
13597,0
65879,0
198700,0
36906,1
36671,1
37555,1
5075,1
153511,1
37309,1
30634,1
46444,1
62950,1
229362,1
229855,0
49803,1
36667,1
210469,0
128810,0
47670,1
160499,1
37380,1
31931,1
32255,0
72246,1
11496,0
57219,1
33293,1
29358,1
277766,1
55689,0
214328,1
41170,0
673,1
54473,1
184152,1
31496,1
66625,0
33656,0
305189,0
81048,1
34137,0
18155,1
38691,1
77315,0
221631,0
21775,1
45769,1
68134,0
18391,1
101438,0
248328,1
251695,0
52230,0
251667,0
152217,0
202584,1
63163,0
10955,1
78825,0
53201,1
66479,1
80680,1
12768,1
66323,1
87602,0
58408,1
86653,1
5169,0
20070,0
57620,0
23013,0
52481,1
46461,0
38932,0
88651,1
11402,1
84061,1
61248,1
46663,1
78019,1
9817,1
99390,0
22311,1
152931,1
20462,0
64428,1
40633,1
56034,0
105150,1
133142,0
36914,1
30463,1
1736,1
125791,0
61492,1
155100,0
121983,1
40327,1
12357,1
144808,1
53036,0
45145,1
68460,1
219301,0
120171,1
80582,0
34924,1
22044,1
26808,1
20675,0
40179,1
39226,1
46366,1
25771,1
133579,0
35655,1
37932,1
47037,1
36550,1
43900,0
34679,1
40079,1
153435,1
128508,0
52985,1
12660,1
128941,0
83419,1
238609,1
75049,0
136770,0
9561,1
152692,1
24015,1
77226,1
60416,0
46078,1
54276,1
43668,1
13517,1
24393,1
122840,0
223668,0
203543,1
16850,1
148042,0
40351,0
30250,1
1989,0
413271,0
63804,0
75795,1
141212,1
30340,1
28933,0
75823,1
84641,1
76307,1
21771,1
61155,0
142658,0
31924,0
39814,1
20904,1
5543,1
118905,1
38563,0
96951,1
147142,1
45386,1
286828,1
29792,0
7368,1
437544,0
170859,0
145275,0
47071,1
43872,1
19310,1
35369,1
284835,1
85986,1
46513,1
47595,1
14864,1
1557,1
79390,1
222699,1
88495,0
6261,1
78201,1
31473,1
41542,1
48607,1
313270,0
4873,1
64373,1
45355,1
28645,1
16275,1
223348,1
47178,1
45051,1
104354,0
90110,1
62509,0
23531,1
55477,1
62189,1
41985,1
29134,1
185495,1
203820,1
205691,0
9473,0
68445,1
57490,1
67351,1
80469,1
79056,1
52709,0
12676,1
39042,1
39656,1
123673,0
194821,1
206195,1
35998,1
40,1
65937,1
28602,0
53012,0
85141,1
86540,0
43853,1
2975,0
227790,1
73920,1
40180,1
33495,1
125304,0
141466,0
206579,1
4636,0
10486,0
109081,1
46142,1
174220,1
56682,0
249912,1
17255,0
41068,1
7474,1
1296,1
213327,1
334535,0
17310,1
88323,0
1405,1
205897,1
53981,1
55551,1
45762,0
67011,1
51884,1
28516,1
89149,1
287461,1
4576,1
18225,1
103666,0
6621,0
60080,1
71418,0
99439,0
31208,1
49444,0
28187,1
85032,1
60714,0
61776,1
110043,0
36372,0
87136,0
29545,1
82937,1
91018,0
54488,1
8322,1
240528,0
83764,0
59373,1
7322,0
25175,1
38640,0
40666,1
45885,0
106747,0
125828,1
25633,1
5094,1
883,1
471322,0
84690,1
33431,1
67492,1
87018,1
41735,0
1496,1
25932,1
90838,1
73795,0
34314,0
94766,1
145442,1
43921,1
63619,1
23989,1
64994,1
209087,1
24523,0
23139,1
28532,1
29292,1
13526,1
55055,1
111844,0
26930,1
83752,0
66139,1
11450,1
436486,0
88453,0
32380,1
168578,1
42417,1
38961,1
178510,1
32604,1
13022,1
229531,1
44010,0
264859,0
44174,0
30018,1
40346,1
212621,1
24092,1
95854,1
84315,1
69327,0
19422,0
13189,1
121427,0
1979,1
22120,0
72421,1
228630,0
206486,1
34173,0
429430,0
23631,1
57985,0
39107,0
29400,1
35117,1
94196,1
7826,1
220270,1
78290,1
36985,1
51055,1
76445,0
4926,1
47091,1
66543,0
59146,0
57617,0
32659,1
35859,1
42808,1
73158,0
42349,1
136832,0
228814,0
114662,0
41757,1
101253,0
21456,1
53771,1
38878,0
63740,1
137250,1
116716,0
182687,1
75143,1
2758,0
69458,1
75235,0
116566,0
31436,1
50827,0
36362,1
29162,1
197838,1
42505,1
14872,1
19896,1
109114,0
417055,0
47730,1
84570,0
14785,1
198609,1
42653,1
79618,1
225204,0
8993,1
28998,1
59267,1
8141,1
41957,1
54156,1
109363,0
4783,0
26166,1
954,1
7211,0
113455,0
55431,0
67437,1
3329,1
100848,1
41317,1
19483,1
31476,0
412180,0
74025,0
82976,0
176267,1
93503,1
29000,1
121087,0
112150,1
56598,1
66972,0
57761,0
46876,0
81305,0
59161,1
109550,0
31000,0
40121,1
257832,1
81707,0
262261,0
39490,1
54241,1
24187,1
201964,0
1751,0
265807,1
39164,0
15718,1
39137,1
51444,1
20799,0
85601,0
88048,1
12003,0
51327,1
246383,0
896,1
171067,0
302204,0
80253,0
54990,1
77178,1
9623,0
13248,1
12673,1
81488,0
14793,1
36359,1
3097,1
123356,0
40862,1
33493,1
34084,1
55966,1
44971,1
107275,0
82581,0
94702,1
18771,0
256597,0
33163,1
98947,0
208994,1
158534,0
22443,0
8606,1
63614,1
5331,1
74266,1
101203,1
14518,1
85689,1
45018,1
38777,1
24011,0
467456,0
243638,0
41174,1
13544,1
11644,0
16894,1
7286,1
13056,0
72496,0
35343,1
17400,0
77393,0
163525,1
23051,1
45282,0
219785,1
49665,1
1487,1
73490,0
11179,1
338804,0
28332,1
84167,1
31455,0
224685,0
14548,1
267306,1
186199,1
53062,1
58084,1
83063,1
7209,1
81812,1
40953,1
374456,0
29191,0
50867,1
52352,1
49825,1
64418,1
79148,1
50591,0
228929,1
64960,0
161024,1
19268,1
52333,0
23777,1
63524,1
34028,0
116306,0
107125,1
116812,1
48773,0
70255,1
62513,1
65960,1
38489,1
160945,1
83263,0
79513,0
14133,0
1687,1
16474,1
121010,0
42688,1
15671,0
108156,0
135256,0
34185,0
55718,0
68551,1
2425,1
28854,1
270670,1
117701,0
35511,1
177069,1
118559,1
259735,0
22136,1
74591,0
2641,1
32989,1
58623,0
26654,1
39866,1
207051,0
180,0
49145,1
39223,0
16686,0
25801,1
58901,1
61083,0
117712,0
10343,1
25237,1
178855,1
105213,0
5097,1
58923,1
237326,1
8418,1
122903,0
1578,0
18142,0
37345,1
9407,1
35569,0
238191,1
88082,0
80496,1
76863,1
39598,1
19847,1
36043,1
98486,1
21171,1
47247,0
6507,1
17361,1
39958,0
20224,1
70173,1
55146,0
23153,1
31640,1
80128,1
86400,0
4417,1
66353,1
87372,0
48147,1
70546,1
216428,1
52439,0
111948,0
18601,1
116303,0
203949,0
112008,0
50327,0
341694,0
6428,0
22336,0
141489,0
58204,0
24711,1
45437,1
34422,0
68098,0
75897,1
75839,1
23522,1
56294,0
1621,1
60192,1
15142,1
49292,1
16410,0
33926,1
64495,0
96989,0
70712,1
398502,0
25992,0
7258,1
29933,1
84049,1
97173,0
143340,0
32613,1
27689,1
55107,0
206887,0
58095,1
82812,1
203969,0
28304,1
30640,1
24830,1
45483,1
62559,0
72118,1
407407,0
69092,1
4486,0
14143,0
189410,1
27824,1
105777,1
3885,1
74162,1
15501,0
219660,1
111905,0
74340,0
44090,1
40034,0
42804,0
67640,1
224946,1
18544,1
89799,1
24582,1
115246,0
69198,0
34479,0
88494,1
39078,1
30531,0
139570,0
30070,1
84073,1
34639,1
22579,1
7094,1
149899,1
52471,1
47134,0
38254,0
60838,1
46896,1
183427,1
6416,1
66485,1
19183,1
84673,0
30208,1
97015,0
237428,1
1571,1
72986,1
11709,1
62011,0
29828,0
34824,0
34941,1
32155,1
146649,0
35709,0
40704,0
48669,0
99032,1
262472,0
17573,0
49210,1
38322,0
43851,1
75496,1
187311,0
29910,1
94765,1
80048,0
55914,0
181606,1
75949,1
31443,1
125859,0
16434,1
12257,1
276563,1
167599,1
88511,0
19202,1
69894,0
50965,0
88007,0
84960,1
49378,1
155651,1
73592,0
19175,1
82075,0
74750,0
22043,1
45055,1
86689,1
63158,0
10144,1
54305,0
3803,0
26757,1
28232,1
148468,1
60077,0
77381,1
24568,1
46551,1
31429,0
25905,1
37791,0
33720,1
88181,1
70481,0
40504,1
20769,1
49137,0
19463,1
64772,1
52523,0
43121,1
138613,0
53009,0
84712,1
24905,0
16239,1
51973,0
70262,1
28200,1
118961,0
49905,0
23836,1
1903,1
123494,0
5881,1
319625,0
60478,0
25770,0
40919,0
139400,0
24346,0
81439,1
282210,1
28590,0
44737,1
54179,0
55901,0
53589,1
109633,0
25564,1
150640,1
9598,0
46574,1
116166,0
303037,0
24256,1
239895,1
37300,1
34101,1
126358,0
17324,1
80868,0
288567,0
205971,1
90746,1
130128,1
45417,1
44362,1
10774,1
35449,1
147295,1
83405,0
161686,1
67891,1
22225,0
6966,1
24510,1
50555,0
37673,1
34748,0
225319,0
134962,0
27377,1
44237,1
140629,0
270578,1
28170,0
50786,1
32427,1
20232,0
43713,1
471408,0
6400,1
61039,1
22184,1
50775,1
1809,1
30440,1
110786,0
94558,1
25389,1
63079,1
60295,0
87542,1
56499,0
62428,0
26281,1
75263,1
64071,1
171583,1
373035,0
27101,1
36639,1
23895,0
57201,0
232057,0
39961,1
20405,0
128855,1
49104,1
18942,1
473108,0
30447,1
44751,0
19649,0
221097,0
29289,0
75048,1
29893,1
59004,0
24536,1
20469,0
78834,1
86622,1
23081,1
27536,1
45607,1
82077,1
225867,1
92616,0
76906,1
9345,1
43485,0
68664,1
180110,1
132188,1
77836,1
38110,1
6010,0
66958,0
59625,1
239971,0
45893,1
1743,1
130525,0
46928,1
65207,1
6767,1
222900,1
37256,1
429631,0
65717,1
26285,0
118108,0
43291,0
29017,1
17462,1
155139,1
31928,1
23898,1
2198,0
365509,0
193476,1
28740,1
352718,0
23552,1
38967,0
22173,1
52891,0
29789,0
8165,0
88108,1
83549,1
182978,1
77694,0
79820,1
16909,1
83178,0
18993,1
49812,1
57565,0
82670,1
34118,0
29991,1
22794,1
86191,1
315609,0
74132,1
49599,1
14111,1
111118,0
107052,0
53761,1
61673,1
31574,1
191884,0
20353,1
63058,1
102843,0
11098,1
26138,0
18735,1
122010,0
15912,1
105118,0
12485,1
82229,0
51546,1
20770,1
59515,0
13459,1
249582,1
226356,0
130399,1
52889,1
52673,1
20052,0
30649,1
71025,0
24357,1
51114,0
15815,0
79746,1
60320,1
31510,0
88668,1
412620,0
25680,0
27706,1
12558,1
6744,1
217655,1
142278,0
220250,1
53435,0
4416,1
40969,0
468869,0
31783,1
195252,0
55538,0
47861,0
55304,0
9518,1
40897,1
42594,1
94342,0
4186,0
128836,0
92764,1
224702,0
4776,1
11399,1
29438,0
373138,0
58184,0
28955,1
66489,0
42706,1
244846,0
26806,1
46405,1
83241,1
220425,1
68947,1
44911,0
66906,0
89040,1
23546,0
2197,1
45307,1
39259,0
67740,1
118137,0
80038,1
166232,0
47006,0
113521,1
78612,0
39576,0
47600,1
13039,1
15674,1
4630,1
150050,0
75726,0
11616,0
8363,0
2279,1
12826,1
16647,1
49886,1
196013,1
470940,0
84261,0
15327,0
33488,1
67150,1
46203,1
62847,1
64093,0
35084,0
406119,0
127113,1
84958,0
277226,1
62732,1
48651,1
96381,0
18803,1
27727,1
45987,1
71653,1
423198,0
46361,0
313463,0
14101,1
86225,1
457244,0
74193,1
91805,0
36356,0
66418,1
37741,0
285472,1
36812,1
47896,1
41570,0
195698,1
20748,1
35975,1
183331,1
54107,1
26958,0
51787,1
64516,0
72568,1
53934,1
86156,1
86167,1
77276,0
6774,1
210887,1
37336,1
65777,1
207067,1
54163,0
6706,1
111817,0
147648,1
67262,1
23663,1
121939,0
16406,1
17941,0
52494,1
36255,0
169729,1
6822,0
232239,1
137745,0
8619,1
24887,1
46305,1
21991,1
54613,0
10055,1
120851,1
104128,0
26752,1
43352,1
69948,1
7881,1
59857,1
19606,1
50410,0
125536,0
41642,1
37881,1
84746,1
11349,1
75764,1
253356,0
39538,1
28218,1
26818,1
214,0
29417,1
103051,1
2302,1
43992,1
39816,1
19383,1
85561,1
7132,1
21244,1
63850,0
28083,0
263010,0
54176,0
88252,1
74807,1
39374,0
42665,0
281312,0
24675,0
255241,1
3439,0
242017,1
61338,0
8921,1
63442,1
46591,1
71095,1
22174,0
34260,1
58223,0
53419,1
31116,1
227494,1
237914,1
55989,1
29200,0
211705,1
20689,1
48946,0
42240,1
34588,1
43059,0
34699,1
65089,0
172152,1
78539,1
109573,0
37005,0
38789,1
27152,0
100692,1
85787,0
40542,0
109345,1
21138,1
40937,0
15759,0
45994,1
12167,1
65276,1
203422,1
11870,1
78145,1
112012,0
252737,0
244152,1
206667,1
48416,1
79374,1
66461,1
224251,0
21784,1
71625,0
60176,0
405111,0
31675,1
93323,0
1624,1
80785,1
55235,1
95450,0
12545,1
8651,1
27471,1
111814,0
9202,1
21507,1
21057,1
90098,1
6530,1
51630,0
56725,0
41090,1
111825,0
205503,0
43995,1
29426,1
7731,1
17211,1
68169,1
68294,0
66825,1
123692,0
45127,1
85237,1
67691,0
3563,0
156024,1
19123,0
185146,0
36185,1
99031,1
90952,1
64483,0
414698,0
17146,1
33490,1
75548,1
3688,1
95949,1
22858,1
30275,0
198530,1
114664,0
30218,1
47148,1
4905,1
58286,1
223359,1
31862,1
26943,1
51469,1
119000,0
87458,0
27192,0
26995,1
72707,1
29371,0
7561,1
16254,1
65826,1
14762,1
63597,0
187367,1
67451,1
68783,1
33482,0
179490,0
37566,1
21638,1
99873,1
82126,1
8102,0
99020,1
238293,1
16535,1
135464,0
42540,1
4909,1
54676,1
23458,1
198696,0
117334,1
55494,0
247082,0
47335,1
55889,1
237323,0
31566,0
80547,1
54673,0
104864,0
45405,0
2457,1
31622,1
177804,1
29222,1
23995,1
22038,1
45559,1
64176,1
52859,0
7181,1
446006,0
36279,1
38779,1
51326,0
6872,0
60836,1
12874,1
65351,1
50755,1
150614,1
17770,1
424080,0
20395,0
5804,1
52592,1
12920,1
31363,1
19060,1
137137,0
68776,1
72597,1
24454,1
15359,1
55651,0
21180,0
34120,1
85378,1
48437,1
77509,1
70754,1
37959,0
50215,1
23871,1
84604,1
61393,0
67830,1
81228,1
41216,0
100625,0
106920,0
119589,0
199285,1
62837,1
50621,0
325410,0
25688,1
17049,1
79637,1
55115,1
20973,1
42793,1
283110,0
185648,1
29885,0
88597,1
82170,1
72240,1
49928,1
19572,1
51877,1
76537,0
255663,1
93978,0
42659,1
47191,1
75722,1
429524,0
17340,1
38409,1
2568,1
1003,0
19983,0
21607,0
41788,0
78356,1
360902,0
30890,1
19936,1
37387,1
122999,1
85406,1
32661,1
66753,0
401300,0
130444,1
83304,0
55549,1
61659,1
432952,0
47848,1
35275,1
440765,0
100835,1
450117,0
86129,0
75113,0
177335,1
44579,0
87788,1
204749,1
82548,1
20262,1
208478,1
63364,1
75101,1
88583,0
6025,1
35423,1
70797,1
47144,0
12483,1
48141,1
59431,1
12282,1
30872,0
30344,0
57793,1
70618,1
229519,1
7395,1
91569,0
64553,0
56079,1
28803,1
49606,0
33660,0
49922,0
32895,1
3285,1
126488,1
19708,0
363626,0
52717,1
2353,1
54252,0
31037,1
201305,0
74842,0
154887,1
24989,1
36559,1
14044,0
214124,1
105696,0
31791,1
41545,1
288947,1
38953,1
36253,0
48343,0
72460,0
53839,1
25701,1
70909,1
22001,0
120246,1
245116,0
84789,1
208173,0
12058,1
36821,1
73885,1
110383,0
15717,1
34976,1
42965,0
62387,0
77196,0
22622,1
100373,0
79779,1
465392,0
116850,0
78111,1
432066,0
189655,1
87330,0
33378,1
30384,0
13974,1
408443,0
96993,0
76085,1
64098,1
224343,1
61931,1
51790,1
95185,0
60118,1
136718,1
75364,1
79992,0
36252,1
17271,0
227986,1
46037,1
14855,0
92157,0
93629,1
27491,1
15179,1
88013,0
65332,1
26326,1
68166,1
120750,0
94262,0
28077,1
76840,1
9313,1
58492,0
207221,0
37615,1
23429,1
26350,0
237887,0
54939,1
143293,1
56399,1
35052,1
36933,0
17411,0
169689,1
75485,1
41010,1
298448,0
39684,1
28586,1
6473,1
56109,0
62866,1
29951,1
67014,0
10021,1
39762,1
48323,1
59896,1
106308,0
236255,1
75712,0
62874,0
84949,1
63484,1
761,0
21686,0
26694,1
19026,0
235214,1
78513,1
76313,0
18097,0
7496,1
72942,1
53594,1
62093,0
15888,1
5462,1
27692,1
41115,1
75719,0
29744,1
75611,1
182784,1
103835,0
35235,0
113199,0
66606,1
76912,0
36071,1
84317,1
85521,1
20341,1
113687,1
168683,0
25365,0
90979,1
203966,0
2133,1
27223,1
46955,0
1435,1
59919,0
95577,0
45431,0
102937,0
57269,1
226354,1
164944,1
37774,0
7530,1
188283,1
24519,1
41520,0
195350,1
436935,0
98670,1
203060,1
127121,0
54120,1
53914,1
79259,1
10172,1
83871,1
103765,0
144689,1
108517,0
55962,1
31250,0
65706,1
245414,1
221794,1
43671,1
121997,0
56680,1
31722,1
78860,0
245256,1
33640,1
31910,1
21463,1
31271,1
27793,1
85580,1
114131,0
42572,0
50687,1
15588,1
49363,0
34081,1
51619,1
19261,1
185,1
33019,1
44824,1
134690,1
76571,1
69176,1
126372,0
231292,1
59600,0
870,0
72310,1
86729,1
72980,1
41596,0
76137,0
452972,0
183612,1
215601,1
20222,0
138636,1
90344,1
58770,1
51188,1
57698,0
25981,0
93727,1
26012,1
175359,1
187781,1
8718,1
36605,1
50579,0
79747,1
43110,1
32662,1
198372,1
222112,1
92265,0
12352,1
40741,0
29879,1
238794,1
32337,0
75916,0
39346,0
15432,1
164599,1
41516,1
18912,1
36272,1
52787,1
154156,1
37003,1
107391,0
26143,0
63968,1
27586,1
123190,0
47750,1
36145,1
40776,1
291786,0
7978,1
56577,1
23918,1
54009,1
16816,0
85982,1
40095,1
203213,1
89817,1
82341,1
27844,1
67167,1
50675,1
40852,1
52522,1
65506,0
23344,0
29526,0
213643,1
48508,0
33593,1
140434,1
92860,1
11836,1
2492,1
99416,1
98759,0
31144,1
374522,0
32521,1
38653,1
260969,0
46722,1
31042,1
37312,0
69690,1
95934,1
31677,1
92385,0
39755,0
41144,0
218632,1
39564,0
9073,1
74237,1
47127,1
28932,1
63363,0
39380,1
77362,0
238580,0
215649,1
60918,1
33976,0
36538,0
199195,0
20161,1
42243,0
11721,1
35837,0
60364,1
19870,1
42862,0
21616,1
60768,0
57861,1
91127,1
104347,0
838,1
49040,0
31130,0
94602,1
2148,1
8769,1
16229,1
59286,0
2338,0
10184,1
68732,1
42245,1
66072,1
43290,1
86063,1
76206,0
51741,1
78884,1
52674,1
3008,1
151614,0
86930,0
14954,1
37423,1
83801,1
67782,1
97082,0
24826,1
233689,0
57835,1
29957,0
23801,1
38445,0
57646,1
42279,1
79493,1
50108,1
98891,0
44517,1
1001,1
29427,1
29601,0
311594,0
39732,0
466128,0
93919,0
31225,0
8051,1
244148,1
182146,1
61633,0
275689,1
42667,1
369,0
72586,1
5872,1
46016,0
191856,0
129838,0
196906,0
2765,1
36895,1
66280,0
595,0
19692,1
43533,1
102207,0
8314,1
46865,1
396071,0
21121,0
41624,1
81922,1
89430,1
18509,1
80967,0
43696,0
32786,0
61315,1
82934,1
29797,1
37388,1
230146,1
69755,1
7170,1
202686,0
45802,1
111989,1
87759,0
88278,0
70325,1
138527,0
126055,0
80303,0
120734,0
123676,0
9436,0
73268,1
33081,1
35056,1
31140,1
1509,1
98062,1
123584,0
217252,1
30456,1
181155,0
109321,1
251299,1
50494,1
49201,1
198937,0
50006,0
2056,1
428232,0
13937,1
29981,1
44094,1
76337,1
18882,0
74386,0
323,0
127499,1
15123,1
32108,1
57355,0
1900,0
160310,1
117042,1
24104,1
31483,1
20927,1
48903,1
52338,0
100363,1
129769,1
8487,1
67168,1
37604,0
468612,0
16204,1
77835,1
156151,1
255432,0
22288,1
93599,0
10678,0
9266,1
39364,0
8395,1
73844,1
9462,1
36370,0
233930,1
34080,0
106132,0
23028,1
123263,0
5775,1
56074,1
48571,0
94042,0
36293,0
13216,1
227609,0
26343,1
44060,0
41434,1
56372,0
79306,1
79487,1
64754,1
33953,0
413025,0
160496,0
12654,0
188704,1
45118,1
196011,1
10379,1
101225,1
635,1
37096,0
49288,1
56907,0
418667,0
56588,1
55694,1
113599,0
57497,0
57203,0
63956,1
7685,1
4672,0
77595,0
248891,0
28005,1
32407,1
45753,0
62845,1
31629,1
96047,1
100722,1
42557,1
249150,1
24915,0
58742,0
36849,1
66570,1
175276,0
95856,0
45337,1
85537,0
4952,1
44522,0
8171,0
36371,1
2680,0
57097,0
22394,1
16674,1
7065,0
286365,1
38313,0
90970,1
26272,1
158855,1
10606,1
72230,1
45358,0
68331,1
65625,0
15798,0
170371,1
66934,0
2664,1
457624,1
79758,1
79347,0
71044,1
27669,1
165102,1
27542,1
46329,1
4483,1
664,0
181698,1
20961,1
66741,0
72237,1
156135,0
71040,1
117525,0
62312,1
36250,1
115737,0
31474,1
124918,0
27602,1
15469,1
14386,1
93353,1
71118,1
42024,1
72451,1
185681,0
47798,1
2012,0
25907,1
38190,0
69513,0
142281,0
93151,0
24151,1
52860,1
41047,0
441061,0
37537,1
67890,1
19502,1
209319,0
22870,0
95883,0
14290,1
72004,1
80935,0
221342,0
81515,1
83753,1
36590,0
58328,1
62051,1
118287,0
78146,0
22000,1
55580,1
42216,1
279611,1
26890,0
53031,1
31454,1
234627,0
87804,1
14242,1
41175,1
29944,1
73852,1
33050,1
54180,0
55817,0
81020,0
73448,1
42555,1
182883,1
14522,1
83573,0
26683,1
87051,1
42332,1
43430,1
111408,0
119271,0
10188,1
49571,1
56805,0
50323,1
336,1
262257,0
153259,0
1131,1
29913,1
35224,1
253913,1
15440,0
19687,1
13542,0
16711,1
26526,0
82233,1
27232,1
16353,1
92432,1
181999,0
174788,0
120907,0
184880,1
125807,1
20127,1
53309,1
58332,1
370497,0
47980,1
44887,1
43556,1
15631,0
278025,1
3784,1
206,0
10737,1
56703,1
59116,0
2453,1
53180,0
48218,0
162871,1
19390,1
100322,1
18030,0
182986,0
154068,1
29772,1
60037,0
23495,1
47241,1
235241,0
346740,0
256208,1
53402,1
97645,1
34791,1
4006,0
72528,0
2496,0
127718,0
76917,1
40760,1
21483,1
136948,0
86851,1
56321,0
76392,0
88878,1
434230,0
18836,0
19023,0
36487,1
49496,1
326890,0
231374,1
46350,1
123506,0
76780,1
75641,1
34033,1
49089,0
5960,1
5756,1
23655,1
63837,0
71343,1
40558,1
78790,1
52354,1
31073,0
114373,1
446706,0
38625,1
64935,1
12828,1
13201,1
183022,1
57308,0
13494,1
51431,1
14374,0
38784,1
24528,1
194948,1
34214,0
48427,1
18850,0
231718,0
403573,0
39235,1
44446,1
150503,1
124002,1
11690,0
17428,1
226434,0
43711,1
98694,0
238962,1
13439,1
27350,0
71499,1
23466,1
57705,0
169839,0
8903,1
17061,1
64647,1
190115,1
41740,1
38122,1
75748,1
82495,0
72359,0
11326,1
99468,0
212950,1
10599,1
34065,1
65139,1
48165,1
32175,1
3397,1
43333,1
49169,0
136291,0
38584,1
34334,1
182502,1
86681,1
112985,0
10445,1
28722,1
42489,0
38252,0
23116,1
29097,1
216352,1
74211,1
36680,0
40035,1
9100,1
48559,0
23213,1
1245,1
25686,1
12253,0
52492,1
69291,1
45830,1
10420,0
21670,0
81698,1
66317,1
77125,0
93457,1
61919,1
2575,0
22293,0
25720,1
58217,1
58462,1
218320,1
78619,0
78926,1
136698,1
47533,1
72014,1
29192,1
9299,1
24226,0
4603,1
31452,1
3917,1
4658,1
3410,1
74419,1
47481,1
47958,1
73180,0
36877,0
38819,1
82806,1
46260,1
22644,0
77897,1
78723,0
9385,1
75983,1
42746,0
110615,0
204335,0
117376,1
54896,1
61557,1
6699,1
33658,1
35194,1
39509,1
77853,1
107064,1
66304,1
72741,1
21028,0
44216,1
212198,0
470054,0
6493,1
30378,0
83834,1
48263,1
285007,0
140510,0
180820,0
119253,0
97741,0
72248,1
63485,1
157099,1
22107,1
51957,1
142328,0
12119,1
75503,1
5950,0
75737,1
46768,1
82316,0
299654,0
428752,0
60454,1
42067,1
133792,0
89508,1
9391,1
353453,0
59307,0
350173,0
67193,0
15242,1
220170,1
74469,0
203526,0
116767,0
53935,1
83449,0
6133,1
28801,1
79090,1
136818,0
69355,1
171291,0
23143,1
216305,1
172208,0
41861,1
25865,1
27160,1
130466,0
141231,0
336055,0
35721,1
95438,1
159193,1
259120,0
167371,0
44230,1
21501,0
25515,1
45722,0
24710,1
193075,0
374526,0
26103,1
66878,0
4286,1
55441,1
5792,1
136654,1
25050,1
27486,0
37197,0
131274,1
20547,1
53567,1
70650,1
32283,0
43703,1
65218,1
4083,1
61513,1
52788,1
85417,0
82473,1
24773,1
382307,0
42974,0
37083,1
17869,0
86631,1
200312,1
16768,1
23046,1
237398,1
113419,0
29822,1
3053,1
67001,0
206030,1
44687,1
26613,0
61353,0
66797,1
40508,1
392,1
72961,1
43241,1
122417,1
40975,1
11639,1
125846,0
23692,1
6404,1
96151,1
118953,0
26063,0
24699,1
41585,1
179125,0
87601,1
48871,0
45541,1
25318,0
116112,1
57470,1
49602,1
224356,1
87264,0
66395,0
90957,0
43338,0
411313,0
26659,0
126992,0
206516,1
19749,1
75348,0
35772,1
50795,0
13488,0
195744,1
69490,0
81634,0
76638,1
7918,1
30929,1
36368,1
39299,1
66913,0
44546,1
396,1
79571,0
83883,1
79427,1
2863,0
30822,0
32879,0
49579,1
71204,0
23965,1
422159,0
369195,0
80308,1
30276,1
86174,1
32221,1
71604,1
27525,1
604,1
103247,0
80950,1
82741,0
36731,1
25183,1
181752,1
22899,1
32558,1
43255,0
64886,1
6006,0
242549,0
130121,0
73149,1
45506,1
70566,0
58865,1
55103,1
76125,1
19721,0
12284,1
215250,1
14697,1
34665,1
76359,0
50290,0
87676,1
58780,1
49948,0
11385,1
109510,0
25338,1
70686,1
15795,1
39891,0
42236,1
66705,0
26643,1
71138,1
66889,1
236004,0
35070,0
39123,0
1163,1
264159,0
60975,1
147245,0
41886,1
50716,0
8474,1
11099,1
21837,1
21658,0
266146,1
117291,1
15589,1
44550,0
29771,1
102500,0
62072,0
73532,1
70824,0
226516,1
23146,1
24406,0
34675,1
57564,1
58987,1
96430,0
77224,1
13245,1
32754,0
76109,1
90454,1
56424,1
43950,0
72710,0
78227,1
69401,1
86073,0
4374,1
25768,0
6260,1
22153,0
2838,1
46475,1
26481,1
33116,1
37313,0
81670,1
67916,1
127051,0
79197,0
84436,1
56167,0
68260,1
47789,1
86313,1
4424,1
36138,1
85817,0
210889,1
19163,1
57489,1
31471,1
84173,0
25741,1
227713,1
31797,1
54475,0
46860,1
57852,1
7497,1
17230,0
76568,1
61539,1
42712,0
27774,0
29633,1
20078,0
34628,0
172697,1
47299,1
135741,0
445782,0
2705,1
44327,1
21178,1
33601,1
82349,1
61222,1
1269,1
387641,0
1595,0
37519,1
23511,0
48232,1
46889,0
76969,0
18318,1
99204,0
121656,0
24716,1
167067,1
109833,0
43288,1
64915,1
255680,1
77991,1
114040,0
39514,1
47649,1
95054,0
71173,0
42027,1
34437,0
63073,1
4624,1
57531,0
24460,1
51029,1
111746,0
106995,0
37551,0
19524,1
152351,1
34848,0
54450,1
49402,0
120480,0
130310,0
31617,1
72397,0
46808,1
162568,1
41127,1
53024,1
128843,1
31719,1
23333,1
78334,1
252576,0
16398,1
21553,0
27479,1
58326,0
81247,0
116760,0
78549,1
139074,0
114117,0
95626,0
108696,1
63703,0
64832,0
49647,0
237992,0
18184,1
118592,0
28101,1
89219,0
113198,0
431367,0
50263,1
5162,0
228317,1
60336,1
10945,1
208794,1
34808,1
34547,1
343442,0
49176,1
8078,1
2349,0
24070,0
187653,1
20011,1
16121,0
21634,0
228145,0
32579,1
31884,1
22406,0
51746,1
379432,0
93226,0
35575,1
21984,1
219017,1
57145,1
28473,1
128008,0
20886,1
20949,0
14154,1
44212,0
13553,1
10297,1
136998,1
100367,1
23877,1
42982,0
55010,1
87359,0
67692,1
5489,0
356198,0
13357,1
59000,1
5262,0
206045,0
102869,0
71749,1
190351,1
108319,0
48688,1
6042,1
39209,1
40436,1
52643,0
242955,0
124153,0
121972,1
55824,0
409365,0
4278,1
218215,0
100537,0
8550,0
234958,1
67598,1
62705,1
80636,1
85258,1
55358,1
85165,0
105143,0
79657,1
42244,1
145682,0
51250,1
126840,0
23565,1
31231,1
60846,1
443444,0
20005,1
21562,1
14902,1
82903,1
81053,0
172419,1
52179,1
17718,1
82157,1
7139,1
2265,1
223344,1
26994,1
473489,0
88105,1
56212,1
392038,0
58457,1
2280,1
63625,0
9034,1
36614,1
27060,1
60957,0
29867,1
47265,1
47829,1
206435,1
48151,1
36583,0
42728,1
30853,1
55846,1
4369,1
231480,1
34846,1
137866,1
210902,1
18779,1
116983,0
36741,1
44123,0
100633,0
24282,1
39207,1
79357,1
190594,1
36775,0
23924,1
99899,0
459476,0
55887,1
50726,1
163304,1
82859,0
91826,0
52642,0
44545,0
153669,1
27630,1
158376,1
32497,1
95495,1
45620,0
42534,0
55403,0
40757,0
16544,0
56994,1
54225,1
18180,1
2412,1
17406,0
18913,1
82284,1
187108,0
45538,0
81835,1
14273,0
59699,1
26462,1
37140,1
155450,1
201678,0
38611,1
21382,1
46194,1
210214,0
41206,0
255836,1
8344,0
66085,1
157544,0
392784,0
25024,0
1755,1
71704,1
40097,0
62527,1
230083,1
240535,0
212393,1
267,0
131346,1
23863,1
987,1
248830,0
88244,1
90242,0
1268,0
143716,1
31953,0
175465,1
37071,1
241882,0
56873,0
94065,0
64249,1
38713,1
7509,1
23369,1
49132,1
188676,1
87687,0
14507,1
11691,0
58090,0
23378,0
34817,0
36142,0
1147,1
105431,0
62095,0
54151,0
66228,0
116312,0
31859,1
4957,0
78389,1
162329,1
84900,1
55221,1
219753,1
49551,1
44995,0
10832,1
68314,0
73178,1
41335,1
18294,1
28161,1
47174,1
14911,1
20397,1
21309,0
223549,1
5247,1
125631,1
87824,1
154315,1
3337,0
29811,1
66463,1
321961,0
153097,1
13722,1
128563,0
118333,0
59186,1
470048,0
20359,1
90409,1
72744,0
297579,0
46501,0
80088,0
25292,1
83452,1
29105,1
209288,0
244146,1
67308,1
7498,1
41103,1
81893,1
24042,1
8971,0
58,0
120691,1
198945,0
419135,0
27407,1
371136,0
21211,1
196692,1
36211,1
23319,1
24561,1
72974,0
112231,1
45907,0
10036,1
96436,1
124197,0
68048,1
117908,0
60211,1
18736,0
6323,0
669,1
49223,0
28510,1
37410,1
87012,0
54469,0
71270,1
198779,0
21605,0
11199,1
82768,1
140569,0
7676,1
12430,0
57227,1
248825,0
66577,0
69951,1
35636,0
94770,0
69202,1
32991,0
78635,1
59797,1
25867,0
7936,1
158944,1
235365,1
98648,0
220754,1
26594,1
273999,1
86607,1
62054,1
58751,1
21425,0
56667,1
55955,0
45794,1
22454,1
10870,1
67776,1
195195,0
21311,0
133857,0
21628,0
46389,0
59708,0
30658,0
51230,1
192796,1
17983,1
20244,1
74791,1
34610,0
30196,1
83850,0
167393,0
182571,0
41275,1
24280,1
30506,0
183934,1
14350,1
84739,1
23539,1
42130,0
68514,0
80235,0
89123,1
26512,1
38996,0
451081,0
469,1
97531,1
12461,0
60477,1
182799,0
120862,1
68699,1
15586,1
27947,0
12094,1
40924,1
58299,1
174027,1
185706,1
122493,1
84410,1
79154,1
22449,0
86223,0
16268,1
46747,1
265186,1
25335,0
173520,1
79161,0
64216,0
8909,1
19700,1
205395,1
72722,1
4979,1
95018,0
32299,0
419918,0
7384,1
6904,0
53328,1
55151,1
111659,0
79006,1
58590,0
57812,0
19393,1
94839,1
3556,1
66826,1
96599,1
38977,0
14941,1
80115,1
26425,1
72161,1
64831,1
20372,1
198303,1
30885,1
37773,1
47430,0
33562,1
21765,1
123949,1
18739,1
25579,1
44851,0
48815,0
22334,1
37035,1
222622,1
11784,1
30103,1
212642,1
43081,1
55285,0
39349,1
200375,0
103232,0
51789,1
43054,0
41513,1
456979,0
103542,0
35546,1
17237,1
8631,1
13523,0
66704,1
109286,0
59208,1
50587,0
84221,1
49356,1
271998,0
22234,1
247438,0
234488,1
48379,1
53476,1
62702,1
20281,0
67387,1
46858,1
81152,1
230572,1
47669,1
53116,1
84047,1
26929,1
33494,0
190561,0
437429,0
46120,0
84017,0
55038,0
82509,1
11438,1
145418,0
332786,0
133627,0
35231,1
55320,0
74274,0
23054,0
34630,0
53587,1
142567,1
163463,0
181497,1
87069,1
25039,1
58890,1
46,1
48167,0
33987,1
73967,1
93526,0
62323,1
146890,1
60609,1
58256,1
238622,1
86847,0
184443,1
49784,1
60325,1
87361,1
34988,0
212447,0
66675,1
33515,0
82138,1
27433,1
123483,0
189860,1
48403,1
29861,1
313924,0
263152,1
47189,0
175966,0
409221,0
350500,0
60015,1
68624,1
121547,1
20379,1
85625,1
46881,1
64246,0
44953,0
211086,1
61000,1
16360,0
15928,0
25966,0
45047,0
5104,0
70837,0
111466,0
71387,1
78683,1
15985,0
43058,1
11310,0
291726,0
153354,1
181758,1
43522,1
73620,0
69507,1
16104,0
168492,1
72883,1
229030,1
14114,0
69097,0
123077,0
90765,0
76814,0
203800,0
77207,1
125474,0
15422,1
173546,0
50338,1
19638,1
11775,1
35512,1
66760,1
1333,1
153034,1
94484,1
30874,1
410640,1
69661,1
125767,0
87598,0
60805,1
43124,1
262105,1
21157,1
575,1
56836,0
10164,1
86900,1
25157,1
83945,1
59750,0
52748,0
37137,1
274494,1
77496,1
112791,0
32529,0
98952,0
188740,1
71708,1
16250,1
22010,1
46006,1
449901,0
233300,1
36015,0
37022,1
123578,0
198802,1
40131,0
116401,0
68866,1
58181,0
86297,0
127652,0
251993,1
12745,1
60277,1
69477,0
14419,1
6928,1
77279,1
27346,1
56540,1
62319,0
66623,0
79718,1
42846,1
88363,0
91809,0
14816,0
73171,0
15917,0
23754,1
11171,1
136750,0
63546,1
41946,1
92719,1
52819,1
80602,1
41907,0
163585,1
8589,1
32180,1
40037,1
66990,0
127929,0
27929,1
21004,0
68068,0
72424,1
202461,0
13075,1
71797,0
137537,1
24592,1
181286,0
85752,1
257294,0
165399,1
145254,1
266704,1
24196,1
54134,1
15392,0
18909,0
37829,1
19726,1
131426,0
12560,1
42844,0
26713,1
27731,1
39044,1
5794,1
53283,0
101003,0
97288,0
151583,0
7705,1
197538,1
47791,1
41938,1
40949,1
128673,0
34104,1
77002,1
467259,0
62215,1
79255,1
16856,0
14150,1
182653,1
54913,1
44786,0
35334,1
136248,1
78001,0
28885,1
113400,0
115342,0
51987,1
200353,1
13253,1
43772,1
48305,1
41017,1
28889,1
3067,1
38663,1
87810,1
26389,1
82209,0
192920,1
38695,1
52932,1
3591,1
45800,0
50696,1
58885,0
137821,0
29279,1
6929,1
184086,0
35841,1
43062,1
230565,1
14763,1
211541,0
22653,1
194129,0
212705,0
25637,1
77123,0
76949,1
30529,0
68088,1
9236,1
220621,0
38902,1
34134,0
21866,0
161405,1
46942,0
42056,1
411110,0
27155,1
143363,1
38517,0
167943,0
32078,1
247195,1
33164,1
29780,1
47716,1
286157,0
33271,1
20386,1
10648,1
57199,1
58958,1
254225,0
55158,1
90978,0
33338,1
68519,0
220268,0
41705,1
150405,0
42633,1
33730,1
245698,1
64533,0
93387,1
37102,0
223394,1
81236,1
16333,1
71563,1
221093,1
39114,1
48899,0
249006,1
25273,1
14904,0
75072,0
63339,1
58974,1
28895,1
73923,0
254914,1
34207,1
62443,1
84947,0
51763,1
28359,1
80706,1
14973,1
60559,0
31041,1
17707,1
69925,1
47517,0
392522,0
41722,1
63852,1
96404,1
62964,0
24083,1
32471,1
31554,1
22801,1
43859,1
42678,1
195060,0
9659,1
25917,0
2905,1
175030,1
26168,0
98316,0
121544,0
11321,1
374838,0
31475,1
61604,0
26352,0
30862,1
45789,1
23629,1
26765,1
67797,0
56510,1
251581,0
74155,0
58109,1
258825,1
75105,0
82026,0
13092,1
9212,1
97776,0
100100,0
20001,0
23368,1
58083,1
64792,0
89708,0
80669,1
43125,1
22498,0
33859,0
76693,1
56657,0
74248,0
169696,0
19330,1
31815,1
219424,1
168193,1
412544,0
85400,0
38532,0
126532,0
6849,1
226968,0
66790,1
7169,1
37247,0
6077,1
65473,0
27874,1
65196,1
77851,1
104448,0
43073,1
140748,1
55801,1
45098,1
71958,1
27320,1
32734,0
32857,0
201389,0
49960,0
26992,0
4585,1
219582,0
302658,0
19494,1
106066,0
43991,1
214314,0
113968,0
226642,1
54654,1
150043,0
51332,1
78110,1
57902,1
21066,1
334894,0
62843,1
143494,1
75310,1
11237,1
16511,1
119695,0
57233,0
100887,1
49399,1
4190,1
40916,1
433108,0
60210,1
85539,1
85202,1
194987,0
44525,1
160911,1
26769,1
53448,1
45403,0
73021,1
81357,1
65867,1
41841,1
16420,1
16962,1
53258,0
92044,1
20159,1
94901,1
44886,0
116677,0
54528,1
10220,0
84184,1
67759,0
6308,1
88210,0
210121,1
6442,1
40659,0
20166,1
99832,0
7482,1
29996,1
16671,0
64854,0
2580,1
55283,1
1980,1
87429,1
56249,1
36162,1
2367,1
50851,1
31755,1
25350,1
93606,1
50623,1
22238,1
164123,1
44584,1
29534,0
39575,1
107035,0
32856,1
71796,1
71017,1
92631,1
56514,0
45128,0
19395,1
90913,0
28351,1
38526,1
97794,0
39367,1
181539,1
40496,1
62945,1
28636,0
118902,0
81005,1
198187,1
28003,1
73653,1
30900,0
74532,1
48632,0
83595,1
48973,0
36268,1
139939,0
27663,1
77554,1
205350,0
56709,1
105470,0
219546,1
49220,1
92563,1
4670,1
303281,0
10590,0
26445,0
61858,1
138626,0
372941,0
110692,0
55849,0
40520,1
42440,1
70299,0
4018,1
14194,1
151030,1
81628,0
39294,1
219265,1
243483,1
23191,1
39631,0
144929,1
44981,1
199915,1
33553,0
82133,0
37024,1
51690,0
46274,1
44784,1
229102,0
243361,1
47601,1
68580,1
179099,1
68988,0
65211,1
22090,0
31008,1
63065,0
23076,0
49423,0
152816,0
209048,0
55255,1
88427,0
33314,1
516,1
57739,1
21256,0
106350,0
46063,1
74618,1
54700,0
83735,1
461688,0
89014,0
338929,0
46452,1
87557,1
58322,1
56772,1
200415,1
80731,1
23887,1
36690,0
147490,1
23984,0
6105,1
198467,0
149207,0
214899,1
54941,0
3647,1
38987,1
253,1
33258,1
198692,1
54407,1
66902,1
78391,1
12385,1
87342,1
186226,0
49653,1
20574,1
47305,0
41428,1
67217,0
128543,0
75393,1
119363,1
115366,0
39554,1
78039,0
6802,1
217017,1
804,1
30519,0
291878,0
9822,1
10333,0
73242,1
41067,1
191939,1
80818,0
20277,1
6905,1
70169,1
132305,1
19752,1
91000,1
35704,0
100975,1
66993,1
204008,1
45849,1
55440,1
62619,1
30077,1
100573,1
46081,1
93296,1
24476,1
59417,1
56300,0
65574,1
25017,1
44324,0
82664,0
24487,1
17367,1
2093,0
224615,0
217563,0
162925,1
73533,0
47659,0
29790,1
5396,1
123586,0
51417,1
58769,0
50155,1
114653,0
93568,1
195017,0
74970,1
15587,0
26832,1
113865,1
25415,1
136813,1
97848,1
265838,1
61925,1
12479,1
16989,1
242769,0
24022,1
25010,1
19525,0
6729,0
123157,0
463448,0
150996,0
82311,0
69438,1
125168,0
59833,0
38836,0
7806,0
85442,1
292424,0
19738,1
224798,1
30667,1
120204,0
71323,1
25405,0
87515,0
47257,0
5496,0
26127,1
43060,0
61910,0
81750,1
33093,0
79873,1
32482,0
100536,0
30836,0
30725,0
82577,1
7317,1
188608,1
64048,0
89288,0
120158,1
13540,1
5865,0
14396,0
195271,0
81207,0
62773,1
47995,0
51540,0
75356,1
11343,1
136219,1
345878,0
7507,0
59689,1
19699,1
31201,0
222925,1
37141,1
282757,1
41723,0
134678,0
100876,1
242670,1
62800,0
97357,1
12460,1
267426,0
35327,1
54670,1
18483,1
210382,1
130914,0
9799,0
67210,1
27718,0
16378,0
42973,0
15275,1
413524,0
47632,1
67032,0
249426,0
7307,0
69297,1
19039,1
78357,1
13658,0
71534,0
1583,1
29020,1
70609,1
219034,1
52066,1
38349,1
37915,0
2518,1
24907,1
30381,0
35072,0
186275,0
35764,1
447535,0
71925,0
37412,0
123686,0
28732,1
166610,0
72973,0
4193,1
30041,1
35332,1
23026,1
97911,0
20794,1
20780,1
390996,0
44105,0
30604,1
2153,1
124885,1
102767,0
9953,0
80505,1
16301,0
47504,1
34460,1
44312,1
21458,1
41508,1
63816,1
247162,1
11273,0
181598,1
41669,0
192603,0
33119,0
21734,0
3640,0
106366,0
8607,0
40892,1
101889,0
84631,0
81000,1
20490,1
1233,0
68960,0
76813,1
113018,0
72518,0
13400,0
36118,0
78999,1
72898,0
21084,1
196533,0
43202,1
55930,1
25370,0
36191,0
47699,0
9079,1
11409,1
3742,1
177101,1
19232,1
11598,1
51410,1
96966,0
193727,1
33104,0
37786,1
263096,1
54023,1
29445,0
55994,1
140396,1
77800,1
77297,0
27900,1
54559,1
80803,1
195891,0
20294,1
116545,0
178384,1
42785,1
48489,1
85095,1
45084,0
136175,1
52518,0
49614,0
45061,1
76068,1
4679,1
57502,1
55186,1
15294,1
24166,0
95246,1
56575,1
39638,1
78109,1
70879,1
378175,0
85972,0
22146,0
106575,0
23147,1
34871,1
51699,1
54129,1
79614,0
183228,1
109329,0
113492,0
22613,1
31288,1
30247,1
17748,1
86591,0
24562,1
210608,1
79372,1
51942,1
445017,0
28541,1
207836,1
45138,1
29258,0
40329,0
39523,1
54149,0
46208,1
52237,0
17730,1
257057,1
132280,0
51075,0
36724,0
28493,1
38936,1
104121,0
47648,1
45340,0
68834,1
25390,1
18730,0
60358,1
68297,0
59767,1
23045,0
61201,0
49789,1
28871,1
32595,1
79414,1
69139,1
82681,1
8362,0
35046,1
223405,1
10326,1
16172,0
61567,1
99005,0
41210,0
46412,1
35774,1
118327,0
40795,0
119211,0
63376,1
18418,1
86312,1
15889,1
21664,1
39445,0
56848,0
35740,1
23032,0
185182,0
250069,0
106035,0
30911,1
306640,0
34484,1
6100,1
203368,1
31549,1
21564,1
57741,1
58579,0
11162,1
145923,0
122056,0
110959,0
39224,0
22912,1
87352,0
11542,1
109349,0
61121,0
35560,1
49852,0
42199,1
36826,1
52356,1
94074,1
9396,0
391881,0
86180,1
46234,1
179288,1
87295,1
38950,1
20188,1
463724,0
10607,0
18317,0
30867,1
34255,1
98333,0
162298,0
196419,0
54707,0
55706,1
37244,0
26843,1
148968,0
51771,1
20414,0
66222,0
22501,0
27438,0
11809,1
186886,0
58244,1
51262,0
69365,1
13215,1
68740,1
2522,0
77846,1
81079,1
145072,1
25698,1
61002,1
73408,0
67452,1
193736,0
49954,1
267678,0
58957,1
370138,0
31223,1
28052,1
68282,1
112342,0
25986,0
25717,1
10471,1
76762,1
190063,1
139232,1
2635,1
64363,1
10204,1
52035,1
39707,1
5608,1
76278,0
21453,0
122766,0
19980,1
5296,1
28313,1
11362,1
25589,0
8586,0
33443,1
91583,1
43702,1
34449,0
96248,0
35071,1
6836,1
12075,0
242386,0
27816,0
44348,0
22634,1
37793,1
6398,0
85951,1
78057,0
25655,1
221987,0
137442,0
222841,0
74524,1
21762,1
70006,1
107918,1
38524,0
163425,1
53805,0
1629,1
81148,1
83499,0
77964,1
15231,1
207393,1
414911,0
79370,1
44623,1
6272,0
74428,1
27137,1
88505,1
81087,1
70285,0
418054,0
22710,1
228332,1
11490,1
90806,1
143919,0
22119,1
67951,0
23108,1
12279,0
55187,1
28986,0
46874,1
45711,1
44646,0
120687,1
56203,0
35832,1
32446,0
46907,0
3658,1
59773,0
33632,1
83585,1
14668,0
36784,1
1849,1
109838,0
53361,1
140462,1
165466,1
60891,1
17638,1
4245,1
235483,1
158545,0
26501,1
72736,1
6971,1
226710,1
31626,1
11813,1
418522,0
80215,0
79410,1
142228,0
70010,1
106309,0
203106,0
60180,1
229451,0
62128,0
74290,0
20879,1
211919,0
170876,0
21804,1
20416,0
19388,1
41283,1
168801,0
10861,0
98243,0
316746,0
80375,1
16127,1
39873,0
27722,0
24815,1
36157,1
60550,0
62979,1
7386,1
13917,1
49465,0
51747,1
230093,1
73659,1
14241,0
48840,0
9312,1
5979,0
79983,1
44850,0
33265,1
153977,0
49743,1
44603,1
70969,1
59838,1
34741,1
100469,0
19321,1
174102,0
34456,1
255016,0
193487,0
28820,1
49190,1
156255,1
27300,1
3806,1
65323,0
61218,1
154208,1
65972,0
123912,0
1270,1
32215,1
9360,1
31845,0
415272,0
250425,1
22584,0
167610,1
11534,1
18658,0
82407,0
35947,0
16170,0
35310,1
32227,1
86864,1
10982,1
23101,1
135220,0
222832,0
36851,0
40707,0
38151,1
187333,1
83465,1
54349,1
63537,0
86788,1
22200,1
16190,1
38673,1
77575,1
25325,1
11393,1
70422,0
223401,1
87857,1
389912,0
223729,1
24685,1
65125,1
166307,1
59654,1
70558,1
218316,1
62153,0
100208,1
123486,0
12464,1
270763,1
103025,0
37512,1
57788,1
59245,0
41357,0
16481,0
12945,0
50382,1
210532,0
52143,1
50011,1
81231,1
13057,0
4287,1
25726,1
21360,1
13482,1
7884,1
90759,0
52052,1
261751,0
9584,0
58978,1
76223,1
68143,1
15138,0
43462,1
30510,1
35216,1
114885,0
86805,0
148389,0
114852,0
159803,0
17441,1
26278,1
31117,1
166189,1
17999,1
1768,1
61093,1
167673,1
31551,1
33513,1
81019,1
111731,1
24091,1
36588,0
84104,1
27720,0
158541,1
28734,0
107381,1
44118,1
21601,1
8419,0
25538,1
45083,1
49975,1
93320,1
78929,1
57014,1
74796,1
217429,1
45262,1
14125,1
85276,1
39012,0
16630,1
6202,1
63433,0
78393,0
77761,1
225774,0
66581,0
3403,0
34156,1
187215,1
66499,1
43317,0
90659,1
19194,1
124212,0
100441,0
58781,1
22147,1
86670,1
59735,1
106928,0
88263,1
64889,1
355769,0
51234,1
98345,1
376516,0
11562,1
54609,0
86936,1
190422,1
29065,0
2600,1
26533,1
81894,1
82176,1
5643,1
220743,0
26066,1
85863,1
15809,1
208494,0
35328,1
11567,0
79116,1
25305,1
31902,1
12561,1
100390,1
118331,0
96447,1
39089,1
9144,1
22109,1
254255,0
47245,1
38798,1
43248,1
29715,1
35316,0
33883,0
128809,0
13037,1
68767,1
33637,1
72336,0
42635,1
41070,1
212524,0
87496,0
223927,0
93826,0
141286,0
46549,0
24071,0
39319,1
37321,1
9568,1
20800,1
50246,0
345116,0
29277,1
213877,1
79083,0
25975,1
69305,1
12409,0
965,1
14203,1
9405,0
89479,1
102875,0
8658,0
45148,1
69299,1
30134,1
92118,1
909,1
37828,0
41482,1
71962,1
8380,1
88596,1
32678,1
52020,1
80339,1
83246,1
41893,1
92436,0
37570,1
62004,1
90452,0
76542,1
100682,1
64121,0
86405,1
21045,0
216818,1
78949,0
11030,1
30985,1
54880,1
2327,1
36197,1
44268,1
41128,1
45217,1
97732,1
31200,1
73,1
43945,1
88598,1
201624,1
20911,1
193648,1
74292,0
2416,1
20286,0
12706,1
61090,1
20233,1
13977,1
11184,0
38768,1
116845,0
20971,1
114086,0
221755,1
52803,0
283851,0
142368,0
55197,1
6219,1
75773,0
22750,0
155264,0
33212,0
60472,0
122975,0
19203,0
262203,1
35012,1
58366,1
178144,1
93638,0
130772,1
17107,0
117071,0
69194,1
44265,1
85749,1
22555,0
208274,0
98085,1
3577,1
221386,0
134181,1
21356,1
22124,1
33791,1
47223,1
93271,0
52089,1
398919,0
51810,1
4025,1
71182,1
79252,1
233340,1
65559,1
51830,0
21948,0
32062,1
82434,1
90026,1
45609,0
7417,0
41235,1
4216,0
361406,0
70810,0
26505,1
20235,0
53149,1
346835,0
33103,1
82181,0
3444,1
19635,0
52527,1
21749,0
67295,1
90255,1
57395,1
41172,1
184327,1
260093,1
217194,1
27679,1
113091,0
27038,0
86594,0
61183,0
80934,0
16806,0
62995,0
190486,1
7898,1
134985,0
36013,1
17585,1
37794,0
1222,1
3104,1
55688,0
61312,0
41190,0
5670,1
148771,0
54902,0
5994,1
21413,1
253675,0
69639,0
23281,1
118384,0
104635,0
32515,1
45278,1
50439,0
87600,1
20646,0
95015,0
44866,1
20692,0
24912,1
86593,0
72495,1
39642,0
201388,0
73346,1
84081,0
35815,0
31366,1
10376,1
31360,1
24348,1
318149,0
81045,0
123683,0
9565,1
24682,1
21573,0
34420,0
221413,0
70440,1
85548,0
90866,1
238008,1
277346,1
247802,0
84682,1
71012,1
205995,1
106315,1
9642,1
43012,1
7906,0
243186,1
119988,0
32171,1
9117,0
69165,0
136615,0
99978,0
19917,1
37948,0
22413,0
180423,1
22804,1
43939,1
81569,1
38825,0
38020,1
27758,1
5721,1
53939,0
44214,1
116869,0
52424,0
101570,0
28476,1
34813,0
56641,1
23387,1
171504,0
41413,1
41345,1
212544,1
26797,1
61159,1
100149,1
63322,1
29117,1
21516,0
240202,0
93417,1
97980,1
7586,1
42975,1
52313,1
48373,1
204784,1
37956,0
219299,1
77023,1
44693,1
21462,0
7359,1
23768,1
76680,0
41944,1
12114,1
172805,1
115208,0
23239,1
12462,1
138071,0
28078,1
383403,0
32185,1
75706,0
118092,1
149110,1
4254,1
28881,1
39229,0
25104,1
79928,1
87188,1
93152,1
69793,1
86543,1
80045,1
108346,0
92,1
59366,0
47240,1
1436,1
222215,1
65095,1
75366,1
51755,0
21864,1
112042,0
73614,0
22213,1
26986,0
220119,1
81379,1
267637,1
20894,1
43405,1
31973,1
261040,1
56496,0
34458,1
43496,0
116876,0
485,1
9537,0
77942,1
57786,1
82092,1
50834,0
43759,0
47163,1
25709,1
7846,1
58671,1
3195,1
60070,1
41105,1
54467,0
34955,1
98218,1
84325,1
50918,1
115058,0
7515,1
33790,0
78924,1
233004,0
17180,0
29852,1
2775,0
72136,1
55708,1
114202,0
55821,1
192202,0
52521,1
149438,0
10800,1
60278,0
30511,0
152388,1
220920,1
224042,1
407837,0
2494,0
28839,0
25789,1
136567,0
61942,1
185379,1
149040,1
85699,1
55931,1
455063,0
50754,0
66739,1
34423,0
63181,1
2052,0
39212,1
220557,1
228846,0
13287,0
26960,1
35060,1
82007,1
87230,0
85545,1
192833,0
89178,0
17949,1
48117,0
37864,1
46937,0
54377,0
36311,1
316283,0
137349,0
36568,1
115489,0
236557,1
227723,1
152277,1
72173,1
79412,1
74086,1
87023,1
55152,0
2332,1
139189,0
26432,0
79052,1
21408,1
10645,1
66635,1
401774,0
84770,0
50084,1
33908,1
29742,1
58581,0
31077,0
213571,0
16399,0
54966,0
37825,0
240482,0
6742,1
69993,0
6070,1
64289,1
87700,1
49290,1
37865,1
72726,1
71993,0
59190,1
40518,0
96102,0
173448,1
38229,0
84086,0
71755,0
23807,1
178495,1
45359,1
72147,0
61584,0
51729,1
318176,0
29807,1
34085,0
73707,1
44654,0
370750,0
12546,1
39317,1
46280,1
20709,1
390764,0
122207,0
86984,0
60340,0
203793,1
68845,0
30009,0
241779,0
29066,1
447652,0
140258,0
191122,0
67218,1
30650,1
7915,1
100843,1
166194,1
24991,1
4785,0
35842,1
187266,0
6787,1
179679,0
35865,1
21238,1
45879,0
26979,0
120764,0
54130,1
64443,0
203109,0
63333,0
39261,1
30050,0
4412,1
2763,1
8801,1
6566,0
56787,1
319809,0
81403,1
207027,1
42205,1
58961,1
131082,0
64111,1
45502,0
22054,0
80894,1
5076,1
21889,1
46828,0
26547,0
159885,1
40510,0
170745,1
56415,1
54773,0
38933,1
279969,1
5478,1
72843,1
65375,1
65623,1
28397,1
18629,1
47529,1
48592,1
13196,1
44345,1
99123,0
8583,0
61602,1
2739,1
36862,0
77372,0
231799,1
73029,1
84888,1
155110,0
5214,1
14860,0
28352,1
43538,0
26900,1
1090,1
57221,0
43632,1
38297,1
88681,0
41795,0
268259,0
75608,1
41834,0
53922,0
39478,1
221774,1
212129,0
881,0
64420,0
214610,0
64055,0
44835,0
77201,1
57323,1
61917,0
66287,1
129062,1
206255,0
45057,1
67272,1
261870,0
200392,0
37080,1
92242,0
131202,0
21191,0
87164,1
28189,1
22361,0
70923,1
24800,0
19689,0
6612,1
119557,0
22063,1
8646,1
71662,0
17331,1
25295,1
75891,1
30953,1
27484,0
41180,1
5234,1
408278,0
32914,1
11244,1
86284,1
57192,1
87483,0
67607,1
24019,0
60273,0
74759,0
7199,1
400246,0
33567,1
87438,0
99344,1
28395,0
48004,0
29451,1
21015,0
60760,1
18034,1
20888,1
196880,1
34788,1
80999,0
84074,0
22951,0
30621,1
47216,0
25878,1
55185,0
29800,1
108555,0
26332,0
279842,1
261447,0
13861,1
25193,1
53773,1
25758,1
2625,1
213464,0
86933,0
414332,0
72972,1
11614,0
87106,1
114810,0
21570,1
54843,0
117887,0
26090,0
10003,1
94902,1
41442,1
57404,0
230507,1
80759,0
30303,0
15280,1
31513,1
37314,0
87084,0
35274,0
44379,1
124419,1
56291,1
37404,1
89175,0
94701,0
11897,0
24462,1
30402,1
43963,1
79405,0
65190,0
143765,0
123151,0
12472,1
69559,1
187404,1
54463,1
57109,0
4234,1
59103,0
5587,1
18563,1
24356,0
36093,1
29212,1
21808,1
29459,1
69932,0
68084,1
71547,0
30986,0
342523,0
30216,0
55161,0
179685,1
17468,1
136463,1
17710,1
44329,0
26141,1
52480,0
8028,0
42379,0
82766,1
25761,1
51330,1
181802,0
70786,1
204704,1
1404,0
29103,1
133413,1
114123,0
19580,1
61712,1
40317,1
30274,1
58333,1
53088,0
60811,0
5387,1
103383,0
31972,0
3579,1
39448,0
41717,1
5618,1
27100,1
322884,0
59401,1
6996,1
49657,1
296930,0
124530,0
27188,1
14942,1
77358,1
32412,1
94616,1
176377,1
62717,1
66552,1
71585,0
514,1
70245,1
273330,1
124597,0
247908,1
8286,1
411413,0
19586,1
18690,1
90191,1
260721,1
56491,1
66671,0
77813,1
137438,0
93369,0
152846,0
74803,1
72703,1
80267,1
63884,1
7413,1
24418,1
80564,0
39436,0
68012,1
19946,0
59683,1
100920,1
60737,1
60023,1
29927,0
39275,1
239299,0
23098,1
75380,1
333700,0
29118,1
40965,1
61212,1
37374,0
108309,0
240115,0
79846,0
323584,0
205898,1
267673,0
29541,0
167930,0
7053,0
77266,1
48809,1
4406,1
56521,1
35953,1
44193,0
171457,0
271860,0
83143,0
88018,0
80852,0
81375,0
468347,0
30038,1
100577,1
11856,0
6850,1
4591,1
113776,0
28814,1
34854,0
79788,1
109667,0
157625,1
161550,1
53047,1
17350,1
62520,1
48078,1
123278,0
73025,1
169136,1
31914,1
335244,0
69006,0
203324,1
27338,1
46794,1
161671,1
463165,0
64551,0
78072,0
45213,1
223702,1
33051,1
45953,1
211769,1
19373,0
52405,1
40765,0
58717,1
63574,0
67798,0
34027,1
27332,1
30125,0
229568,1
17613,0
26873,1
91897,1
54294,0
34777,1
18218,1
22828,0
38729,0
52239,0
90277,0
2,1
42528,1
19756,1
47673,0
21109,1
54513,0
29057,0
82388,1
69693,1
46158,0
180063,1
54135,0
19277,0
99208,0
92833,0
132725,0
79656,0
193274,0
43825,1
20236,0
32634,0
31367,0
327641,0
135040,0
33936,1
22462,1
63754,0
58996,0
69419,0
9846,0
47436,0
69635,1
20767,1
44161,1
87229,0
185756,0
356602,0
33115,0
130521,0
257162,1
38418,1
203411,1
90133,0
42025,0
55040,1
2593,0
27533,1
18602,0
51640,1
78122,1
187249,1
33286,1
10267,0
15402,1
68629,1
379293,0
25707,1
15380,1
60069,1
72186,0
76397,0
14939,0
86240,0
256045,1
272559,1
146936,1
100452,1
41973,1
110497,0
225972,1
222716,1
32259,1
24631,1
238598,1
2226,1
48963,1
18414,0
52048,1
249810,1
38426,1
74908,1
112351,0
97718,1
35321,1
37672,0
46917,1
57183,0
22810,0
84154,0
40625,1
112703,0
205580,1
45634,0
22363,1
44087,1
8315,1
58823,1
124301,0
19872,1
32738,1
308563,0
35186,0
261765,0
66624,1
62376,1
67146,1
29415,1
81823,1
35958,1
72754,1
29081,1
198164,1
198597,1
307934,0
54019,0
20772,1
37418,1
22036,1
88877,1
63054,1
5485,0
69210,1
51999,0
10988,1
178576,1
44196,0
56948,1
62863,1
99957,1
39132,1
11717,1
48917,1
90763,0
27372,1
40302,1
24994,1
12358,1
57926,1
50652,0
390539,0
57025,1
211203,1
59994,0
23772,1
266047,0
146666,1
100809,0
5791,0
54146,1
179184,1
232469,0
218151,1
199545,0
2168,1
130589,0
73108,1
209467,0
87278,0
33590,1
69270,0
40861,1
4209,0
27684,1
76659,1
41994,1
68943,1
34694,0
87189,1
38232,1
108766,0
82894,0
62420,1
67322,1
46056,1
177813,1
59411,1
42271,1
2095,1
459835,0
193481,1
199825,1
96751,1
81550,1
29454,1
27147,1
247,1
38685,1
140091,0
4392,0
223476,0
44292,0
45126,1
547,1
63359,1
87876,1
46530,1
13440,0
50923,0
48616,0
66781,1
343149,0
74059,0
57851,1
12302,0
45768,1
23448,1
80890,0
64541,0
37696,1
346717,0
30663,0
85755,0
17639,1
267757,1
40591,1
82364,0
46410,1
154967,1
66191,1
4408,1
18198,1
27925,1
70178,1
54967,1
35566,1
100294,1
1326,1
34557,1
14287,1
44673,0
76201,0
192221,1
262886,0
236076,0
85327,0
47284,1
240190,0
21038,0
16861,1
51383,0
46228,1
16438,0
81321,0
84348,1
2008,1
66603,1
68118,1
27654,1
17368,0
29685,1
24687,1
1719,1
410093,1
29962,1
23604,1
10313,1
74299,1
30307,1
124655,0
77639,1
90639,0
23794,1
44643,0
35339,0
88435,0
258734,1
268232,0
57368,0
90351,0
127100,0
68516,1
82648,1
60751,1
246197,1
58702,1
323573,0
79132,0
4930,0
21181,1
159178,1
24315,0
43010,1
7056,1
84799,0
15804,0
65070,0
116888,0
42562,1
27615,1
37041,0
48801,1
30709,1
219905,1
213981,0
9087,1
61815,1
36636,0
16453,0
111469,0
319448,0
35340,0
21718,1
159641,1
48056,1
32330,1
24520,1
12363,1
12800,0
72455,1
50517,1
86953,1
232160,0
42809,1
107215,0
8503,1
85567,0
87907,1
91080,0
91363,0
75334,0
52225,0
30309,1
42691,1
23050,1
14845,1
6725,1
213138,1
7535,0
34755,0
33359,0
14008,1
41497,1
32110,0
42990,1
173849,0
20212,0
39937,0
83270,1
170370,1
120521,0
115798,0
79723,0
30335,1
32763,1
64959,0
25858,1
62515,0
5569,0
563,1
51089,0
201270,1
7827,0
75069,1
68419,0
92506,0
46084,0
18980,1
157828,1
7933,1
22436,1
9128,1
75709,0
19224,1
55163,1
34337,1
214587,1
12103,1
43004,0
42884,0
29711,1
42609,1
90714,1
86547,0
83258,1
33872,1
47417,1
27187,1
7251,1
9475,1
377256,0
22729,1
22902,1
27255,1
103950,0
221445,0
107580,0
65122,1
25206,1
30418,1
186841,1
229271,1
86606,0
21853,1
42399,1
85880,0
26715,1
190256,1
14422,1
28123,1
18154,1
163727,1
74451,1
66701,0
1046,1
8746,1
46528,0
5185,1
330432,0
91938,1
410829,0
50065,0
67637,1
70445,1
23126,0
35962,0
226264,1
9855,1
24724,0
5479,0
94092,0
79094,1
44236,1
24940,0
23230,1
77199,0
38226,1
17283,1
143916,1
36325,0
42524,0
155700,1
3352,1
86492,1
62198,0
7179,0
239749,1
355316,0
206183,1
41081,0
24209,1
3925,1
206771,1
30536,1
40397,0
88077,0
41350,0
275252,1
40555,0
41329,1
400506,0
32688,1
95725,1
68058,1
101514,1
46358,0
84874,1
58016,1
36449,1
53823,0
93552,1
67855,1
98112,1
28856,0
43154,1
95991,1
144909,1
77282,1
239224,0
26382,1
55624,1
176039,0
63003,0
12770,0
37135,1
7903,0
117140,1
66852,0
16735,1
93777,0
4414,1
42203,0
655,1
64256,1
83983,1
243758,0
54906,0
15769,1
53339,1
204869,0
218474,0
14078,1
79076,1
68094,0
20860,1
98135,1
8561,0
18088,0
60543,0
86587,1
21223,1
393538,0
3540,1
113293,0
41407,0
44365,1
12301,0
35747,1
129782,1
6750,1
53160,1
86794,1
56306,0
22509,1
29297,1
74082,1
34701,0
112775,1
42837,1
64022,1
84450,1
49325,1
84067,1
22185,0
47910,1
260983,0
2098,0
7654,0
38107,0
77423,0
160545,1
225758,1
85497,1
18314,1
83361,1
46821,0
27080,1
87758,1
66545,0
73489,1
13762,1
143176,0
30366,1
81319,1
42407,0
14583,0
141215,1
85453,0
74174,0
83121,0
49068,1
197580,0
21599,1
30015,1
60175,0
16292,1
41481,0
75621,1
210765,0
36299,0
4455,1
287019,1
59300,1
35,1
110060,0
46136,0
40216,1
209948,0
67066,0
43204,0
72503,0
41056,1
29226,1
80274,0
15119,1
52309,1
24265,1
154202,1
2916,1
236116,1
46270,0
177208,0
27675,1
357859,0
36815,1
35792,0
68817,1
74430,1
28471,1
64537,1
24507,1
63257,1
13036,0
22697,1
47420,1
67478,0
2340,1
131520,0
141514,1
19355,0
200769,0
59763,1
117742,0
13533,0
17299,1
50214,1
75202,1
71422,1
48727,1
58953,0
32243,1
31394,1
72414,0
46103,1
31644,1
117794,0
26993,1
241760,1
2882,0
925,1
102431,0
249723,0
62372,1
49532,1
70346,0
373212,0
170646,0
12481,0
46311,0
20710,1
88460,1
96052,1
64434,1
70237,1
18607,1
42832,0
22547,1
161850,1
127610,0
32767,1
23022,1
11464,1
121533,0
154861,0
27556,0
13019,1
25582,1
61926,1
59826,0
414103,0
415243,0
2987,0
180309,0
7316,1
24210,1
160570,0
42030,1
76815,1
203995,1
14034,0
26849,1
79666,1
171620,1
442304,0
37670,1
75775,1
16643,0
70501,1
236727,1
201704,1
38665,0
77426,0
53796,1
58439,0
246710,0
11234,1
54962,0
155246,1
48539,1
376957,0
35469,1
1866,1
46952,0
48896,0
51270,0
23544,1
121,1
22177,1
9699,1
34570,1
24879,1
23666,1
19098,0
225347,1
23145,1
62910,1
52482,1
5645,1
20033,0
92606,0
44124,1
19522,1
5705,1
216904,1
75991,0
28660,1
78241,1
22545,0
170187,1
4276,1
15166,1
85734,1
64743,1
24570,0
102015,0
31469,0
227764,0
133875,0
12999,1
7331,1
56981,1
146357,0
42368,1
14649,1
71466,1
38607,0
254,1
103978,0
120628,1
87052,1
80037,0
25586,1
39461,0
24496,1
6480,1
92733,0
34959,1
200508,1
84783,1
107618,0
46338,1
10660,1
87530,1
61838,1
89806,0
36546,1
25459,0
90121,1
17007,1
127141,0
49105,1
10898,0
36375,1
34034,0
77220,1
128995,0
126483,0
20776,1
80986,0
6820,0
94132,1
7499,1
463697,0
148815,0
47411,0
67335,1
55073,0
63666,1
80650,1
43066,1
6008,1
53249,1
66771,0
17698,1
121185,0
374875,0
26374,1
57065,1
42154,1
46659,0
1403,1
39120,1
25283,0
15945,1
433880,0
102516,1
105127,0
95842,1
226611,1
62798,0
136220,0
45269,1
7380,1
15836,1
458158,0
21841,1
20857,0
237966,0
20213,1
133727,0
53308,1
45236,1
6775,0
3766,1
30064,1
18987,0
250030,0
155476,0
22270,1
1847,1
29561,1
56258,0
45602,0
71256,1
194089,1
50170,1
369584,0
61366,0
270,1
202988,0
5995,1
21197,1
90293,0
101250,0
15537,1
91613,1
10662,1
78091,0
110372,0
14956,1
54690,1
58081,1
87311,1
48846,1
94261,1
264719,1
32392,0
27560,1
33252,1
1628,1
64934,1
157629,1
48470,1
75936,1
73131,1
45503,0
45474,0
164059,1
228628,1
176981,1
107501,0
32206,0
36994,1
116710,0
225094,0
437816,0
25699,0
26811,1
152435,1
82101,1
110484,0
21632,0
58839,1
36147,1
42866,1
26238,1
46099,1
99724,1
18114,1
410593,0
204922,1
31087,1
13616,1
39312,0
319,1
11993,1
66310,1
92509,1
83881,1
20741,0
27893,1
5361,1
139879,1
35783,1
9968,1
23355,1
16496,1
31956,0
29839,1
16809,1
7527,1
90305,0
7031,1
70482,0
33964,0
71589,1
17236,1
22033,1
62122,1
74277,1
112685,0
34149,0
122973,0
88134,1
2557,0
68660,0
20787,1
10169,1
45683,1
21049,0
26408,0
224686,0
201949,0
82625,1
75350,0
166626,0
20398,1
40108,0
69747,0
26405,1
263070,0
58765,1
54698,1
24358,1
22201,1
123334,1
6302,1
288408,1
115055,0
66526,1
72029,0
56481,0
38332,1
91197,0
18174,0
63200,0
4431,0
13946,1
5876,1
39665,0
30348,0
99887,1
24730,1
302591,0
7889,1
117167,0
29398,1
33934,1
36978,1
43624,1
99705,1
116896,0
227647,1
245944,0
118453,0
118531,0
35607,0
186212,1
13806,0
258215,1
21314,0
23594,1
332739,0
45268,1
459405,0
43101,1
737,1
59244,1
197308,0
18566,0
22407,1
53555,0
23619,0
28160,1
43961,1
189875,1
37629,0
7333,1
9994,0
35553,0
169444,0
63306,1
28354,1
48390,0
9242,1
70633,1
51218,1
31837,1
21281,1
90005,1
9401,0
21571,0
90917,0
87578,1
42383,0
29520,1
25710,0
5767,1
19305,1
214638,0
78362,0
32782,1
42291,1
37993,0
3339,1
167113,1
8444,1
123662,0
78026,0
35361,1
74035,0
72914,1
25040,1
5147,1
32367,1
36997,1
29339,1
225260,0
310678,0
19697,1
59345,1
64625,1
23079,1
75231,1
56060,1
7968,1
219492,1
112865,0
579,1
93025,1
102396,1
124797,1
143622,0
94627,0
70091,1
34626,1
71156,1
63028,1
75440,1
53058,1
183919,1
18212,1
22955,1
63683,1
48971,0
71127,0
23042,1
56493,1
21055,1
156280,0
40125,1
99489,0
31561,1
23736,1
39496,0
58309,1
37725,1
39072,1
263708,0
51984,1
82372,1
218214,1
23472,0
232882,1
12677,1
113881,0
110751,0
47523,1
261042,1
55077,1
59052,1
416574,0
141815,0
101698,0
268671,1
47713,0
185584,1
88064,1
56955,0
86878,1
1727,1
43516,0
33079,1
19241,1
4650,1
30310,1
112337,0
15732,1
94685,0
18009,0
36947,1
30730,1
170456,1
48211,1
390747,0
88927,1
112662,1
137430,1
76169,1
87138,1
26174,0
98895,0
79476,1
441685,0
130671,0
161529,0
25691,1
46398,1
75236,1
69119,1
137961,0
32810,0
20586,0
42418,1
25998,1
51220,0
42322,1
46880,1
50403,1
239946,1
62616,1
52777,1
5886,1
41219,1
197731,0
230249,1
87200,1
64423,0
62096,0
32374,1
283555,0
142513,1
76314,0
4183,0
72651,1
78048,1
35256,1
5949,1
35883,1
39297,1
105827,0
232647,0
52957,1
14244,1
27719,1
253711,1
84428,1
260350,0
587,1
37149,1
7038,1
2589,1
24970,1
19198,1
75314,1
78531,1
110630,1
27333,1
24791,1
20280,1
44779,1
26569,1
2110,1
121923,1
95603,1
21615,0
8083,1
28934,1
50492,0
76115,1
182273,1
69536,1
60474,0
33261,0
78684,1
52442,1
15944,1
19969,0
137756,0
98642,0
53655,1
429197,0
39071,1
43319,0
36910,0
8530,0
23646,1
14076,0
111915,0
147030,1
4718,0
67738,1
25287,1
188884,0
68744,0
194774,0
25243,0
59935,1
34252,1
99665,0
75887,0
25397,1
31048,0
160273,1
15093,1
283161,0
19603,1
24511,1
255293,0
50288,0
93995,0
60955,0
61138,1
156720,1
55583,1
78083,1
417132,0
99505,1
24232,1
10134,0
23086,1
82701,1
25041,1
55227,0
74930,1
72556,1
101029,1
241958,1
18152,1
150961,1
70414,0
68026,0
55614,1
269920,1
2489,1
24945,1
9398,1
51418,1
26737,1
57805,1
40890,0
97466,0
17623,1
47160,1
170179,1
58603,1
5658,1
207683,0
41176,1
31608,0
43134,0
10538,1
8054,1
224413,1
19307,1
17855,1
211993,0
111976,0
42491,0
95733,1
81478,1
83359,0
40918,1
105467,0
16249,1
123755,0
173035,1
94637,0
72757,1
57742,1
29881,1
53427,1
110633,0
29724,1
50190,1
26323,0
41179,0
83516,1
468471,0
19439,1
4914,1
44349,1
222317,0
202342,1
54014,1
150273,1
44729,0
239068,0
426345,0
44075,1
18864,1
109699,0
220156,0
24482,0
60809,1
25620,1
109348,0
24120,1
29814,0
215068,1
80560,1
33769,0
74191,1
49310,1
16789,1
26033,1
44602,1
34975,1
22079,1
84916,1
130665,0
4221,0
13001,1
239117,1
74351,1
31602,1
36335,1
25332,1
40703,1
23509,0
16736,1
61984,1
214494,0
45449,0
37254,0
83030,1
9058,0
437967,0
24450,1
7085,0
643,1
12536,1
203425,0
86075,1
26836,1
34032,0
99972,1
2821,1
54765,1
25236,1
17549,0
20634,1
58898,1
235402,1
54175,1
21299,0
91918,1
21935,1
17471,1
183513,0
120206,0
43229,0
87783,0
38548,0
31718,1
15878,0
84929,0
125581,0
258188,1
85488,1
357347,0
32874,1
45628,1
48957,0
100731,1
44112,1
4277,1
38419,0
5905,0
25974,1
87166,1
11364,1
19854,1
236922,1
54421,0
89216,1
34494,0
29282,1
13484,1
23607,1
83249,0
468128,0
70992,1
51267,0
92375,1
111858,0
450344,1
39075,1
84765,1
78052,0
135976,0
49832,1
19646,1
57910,1
28658,1
85311,0
247051,1
86718,0
83919,1
98534,0
24305,1
72378,1
270048,1
12520,1
68096,1
41709,1
31966,1
73139,1
10510,1
1999,1
125165,0
32611,1
45144,1
125597,0
58191,0
26116,1
99119,0
16181,1
45719,1
7396,1
54561,0
25331,0
5118,1
23832,0
37480,1
53410,0
36091,1
48619,0
122503,0
71073,1
34954,0
229016,0
40468,1
58663,1
64227,0
31129,1
18195,0
27432,1
24906,1
192986,1
28512,1
29471,1
56072,1
15722,1
53151,1
27218,1
35874,0
101216,0
9973,1
217590,1
47702,1
1200,1
26252,1
23377,0
48454,1
33752,1
200441,1
391283,0
33531,1
71580,1
232174,0
28976,0
263116,0
60691,1
139820,1
105497,0
219120,1
254985,1
66586,1
43476,1
117729,0
48845,1
19294,1
162343,1
77653,1
24500,1
28486,1
30180,1
19401,0
135589,0
44322,0
21123,0
67240,1
34623,1
157213,1
31428,1
28910,0
16435,1
36738,1
40399,1
41512,1
10796,0
32853,0
389072,0
371076,0
47743,0
144783,0
445731,0
224229,0
53268,1
78637,0
14512,1
67373,1
109584,1
26334,0
180713,0
212305,0
82055,1
38762,0
75600,1
14965,1
125964,0
85043,0
26773,1
436925,0
40450,0
44857,1
58496,0
102433,0
56288,0
87283,0
26597,1
23202,0
37352,1
35625,0
12674,1
115613,0
177966,1
79813,0
80701,0
82205,0
4618,1
24220,0
2087,1
69444,1
19191,0
22717,1
38765,1
2961,1
57920,0
24527,0
84481,1
128909,0
18052,1
23322,1
260071,0
41028,0
51337,0
24191,1
8053,1
121739,1
60357,0
73657,1
59876,0
2151,1
47876,1
29640,0
64793,1
79157,0
8628,0
314556,0
93810,0
10119,1
3900,1
38894,1
69240,1
5565,0
323732,1
87684,1
30455,1
8748,1
51555,1
168259,0
23394,0
13904,1
48465,1
34544,1
62664,1
245293,1
77377,0
300370,0
84304,1
39372,1
33292,0
30563,1
115932,0
5023,1
208292,1
32277,1
4399,1
20683,1
51288,1
41494,1
6276,1
23640,0
48551,1
87041,1
146329,0
53909,0
40584,0
15136,1
170930,1
430380,0
127232,0
45572,0
25483,0
46090,1
57274,0
12514,1
30184,0
52755,0
11749,1
52282,0
47843,1
68055,1
11802,0
171704,1
211965,1
36519,1
21663,1
16162,1
64927,1
5055,1
37951,0
24961,0
14671,1
65752,1
216050,1
6874,1
6275,1
31440,1
76826,1
17974,1
149095,1
65905,0
45740,1
29943,0
63953,0
16967,1
59785,0
47279,1
105802,1
34172,0
34676,0
27117,0
79286,1
17944,1
137757,1
177438,0
50807,1
37856,1
34974,1
177382,1
60829,0
249008,1
281530,1
14425,1
31919,1
152907,0
77320,1
24516,1
16893,1
31786,1
36278,1
78789,0
20945,1
150746,1
23550,0
75505,1
30774,1
72392,1
22129,1
71252,1
26793,1
100846,0
121887,0
2770,1
8929,1
82726,1
23219,1
173576,1
48626,1
34770,1
140888,0
78628,1
27795,1
35147,1
216700,1
25925,1
47409,1
34050,1
40635,1
47294,1
397153,0
8676,1
137897,0
68524,1
118789,0
38956,1
32918,0
57314,0
112544,0
19908,0
59359,0
37582,1
31609,1
54013,1
34901,1
46352,1
15657,1
102368,1
196018,1
605,1
138637,0
10520,1
2636,1
41054,1
134118,0
31398,1
49200,0
117473,0
20781,1
194110,1
77435,1
72609,1
14347,1
31057,0
34089,1
178965,0
101937,0
61865,1
35501,0
71753,1
94354,0
79783,1
26590,1
20917,0
197418,1
53529,1
56812,0
31503,0
44982,1
5693,0
26409,1
29224,1
77790,1
85097,0
7526,1
178244,0
6664,1
32591,1
109639,0
10610,1
29125,1
302526,0
1187,1
226713,1
24941,0
44734,1
47741,0
15817,1
80826,1
21014,1
189982,1
74630,1
12678,1
28675,1
139048,0
48156,0
1953,1
25435,1
95158,0
61207,0
29562,1
21156,1
134858,1
191330,0
474358,0
234402,1
31124,0
6813,1
60511,0
30308,1
409762,0
50847,0
84563,1
25776,1
46348,1
2027,1
66344,1
17177,1
158583,0
19497,1
26236,1
84644,1
63885,0
40224,0
19226,0
72158,0
238305,1
38042,1
239805,1
50460,1
67658,1
19894,1
93703,0
63663,0
71063,1
57717,1
42448,1
65037,1
29172,1
40176,0
21399,1
53293,1
6102,1
181122,0
19724,1
39338,1
16196,1
18234,0
65768,1
136629,0
85162,1
38583,1
50905,1
79280,1
120070,0
195522,0
9259,1
244783,1
352214,0
57088,0
43344,0
27997,1
78649,0
75636,0
4967,1
79924,0
38405,1
58285,0
35453,0
2006,1
98612,1
415827,0
154949,1
159984,0
38121,1
249353,0
62369,1
85183,0
19468,1
24851,0
72732,1
156874,1
30375,1
72470,0
69192,1
171199,0
25779,1
71003,0
114526,0
16995,1
16260,1
18426,0
236656,1
329253,0
69106,1
45534,0
17692,1
43152,0
568,1
46224,0
144614,0
95453,1
35077,1
22046,0
423777,0
138606,0
144682,1
76735,0
20508,1
61014,1
71695,1
78433,1
74690,1
46818,1
47938,1
24624,1
93318,1
59741,0
4143,1
1668,1
84962,0
23151,0
23475,1
12475,1
65561,1
3850,1
13110,0
66695,1
67968,0
24380,0
74878,1
191882,0
61309,0
79962,0
418071,0
24429,1
36094,0
25980,0
18285,1
125671,0
233084,0
265653,0
23188,1
49738,0
72628,1
55554,1
27534,0
73583,1
10709,1
20069,1
193181,0
82908,1
46463,1
26108,1
25626,1
11916,1
87959,1
65567,1
59463,0
38862,1
99935,1
101160,0
96038,1
72846,0
32189,0
66975,1
4686,1
35252,1
90261,0
53093,0
62165,1
62556,0
73587,1
54322,1
91740,1
73600,0
61185,1
94920,1
143351,0
38954,0
46009,1
474544,0
110657,0
30193,0
17871,1
242256,1
90742,1
16642,1
30482,1
19582,1
310945,0
10105,0
411719,0
70535,1
74005,1
63416,1
49673,0
70290,1
96048,0
22048,1
130849,1
41862,0
47604,0
36125,0
36393,1
31920,1
81784,1
3490,1
61668,0
38901,1
25814,1
26435,1
33420,1
37550,1
80314,1
397,0
29140,1
117955,0
151856,0
131481,0
69087,1
105820,0
45982,1
36429,1
24740,1
84754,1
150456,0
335854,0
19511,1
27186,1
29184,0
223971,1
51196,1
59071,0
26562,0
456510,0
175839,1
15468,1
6216,1
46121,1
26152,1
78133,1
180576,1
8338,1
13810,0
27309,0
16688,1
83762,1
24588,1
222458,0
377257,0
214201,0
86731,0
36714,0
64133,0
48245,0
16464,0
17796,1
145993,1
5551,0
44153,1
61842,1
39536,1
29321,1
65273,1
18870,0
129745,0
157608,0
81072,0
247900,1
33195,1
40939,1
28979,1
9277,1
83666,1
67118,1
97000,1
175159,1
221053,1
255924,0
32784,0
47313,1
23182,1
16744,0
22841,0
52026,1
27612,1
117965,0
34723,1
118810,0
26669,1
75107,1
34662,1
183205,0
32760,1
36498,1
37843,1
60138,0
141157,1
36719,1
77143,1
53049,1
14115,1
93610,0
69168,1
225583,1
114695,0
87661,1
49265,0
15767,1
169448,1
369704,0
40078,1
207896,0
43232,1
53556,1
32051,0
110866,0
22084,1
231386,1
28214,1
19713,1
224283,1
52017,0
41383,0
18444,0
25430,1
39826,1
86601,0
30324,1
32057,0
3981,1
237401,0
95686,1
29636,1
11713,1
1970,1
36845,0
302802,0
81324,1
215763,1
94974,1
242575,0
41109,1
125315,0
48177,0
87686,0
106663,0
94676,1
145647,0
4629,1
23606,0
27179,1
33555,0
39528,1
159516,1
59036,1
104487,0
466696,0
38899,1
35688,1
87637,1
85943,1
34023,1
28374,1
5096,0
182828,1
272793,0
187979,1
1346,1
47364,1
114920,0
75156,1
36603,1
71394,1
13029,0
84240,1
9463,1
232140,0
106232,0
34951,1
271302,1
54182,1
146885,1
19678,0
72918,1
9762,1
38127,1
31844,1
25875,1
61074,1
93959,0
2527,1
55750,1
30339,0
154593,1
76279,1
6666,1
40876,1
73754,1
46745,0
234434,1
43983,1
188733,0
190064,1
63043,0
64026,1
47272,0
240767,1
216591,1
214500,1
54056,1
86940,0
67420,1
32942,1
33404,0
174207,0
165330,1
123198,0
56724,1
167965,0
39135,1
12203,1
59746,0
7714,1
255329,1
90821,0
65597,1
45784,1
64971,0
59540,0
2672,1
81591,0
87150,1
284260,1
176244,0
76565,1
172383,0
171117,1
34110,1
76845,1
16788,1
4912,0
79274,1
90038,0
62395,1
65679,0
52812,0
23780,1
64981,1
43482,1
94923,0
46406,1
18056,1
66005,0
35419,0
94869,0
54340,1
213629,0
34345,1
120163,0
83709,0
54154,0
23748,1
98786,0
9602,1
99402,0
71732,1
72480,1
21957,1
26672,0
329738,0
453201,0
26563,1
119249,0
45971,1
14134,1
9533,0
101028,1
16185,1
228424,0
19540,1
265222,0
33407,1
227267,0
59380,0
193882,0
31724,1
209946,0
13206,1
6146,0
160491,0
72926,1
53615,1
20944,1
55346,1
66365,1
67932,0
87750,1
77594,0
59592,1
22135,1
247141,0
8205,1
87079,1
35789,0
28237,1
76001,1
26114,1
17017,0
2104,1
379810,0
83682,1
218760,1
34979,1
23683,0
232063,0
103419,0
44954,0
82382,1
75211,1
20385,1
264668,1
8270,1
7865,1
87298,0
52552,0
84705,0
63188,1
84120,1
7578,1
55308,0
147391,1
28995,1
114293,0
362813,0
22170,1
2995,1
76953,1
53386,1
44255,1
79522,0
60886,1
67484,0
86382,1
101402,1
248691,1
25098,1
53783,0
57952,0
29579,1
170873,0
16215,0
44934,1
10611,0
31838,1
18977,1
139898,0
41955,0
52144,1
279190,1
16566,1
11591,0
27846,1
215337,1
111040,1
190677,1
29389,1
41649,1
53403,0
24541,0
38487,1
39273,0
31794,1
18398,1
66312,1
66638,1
21184,0
44270,0
74394,0
73184,0
184660,1
93315,1
17156,1
400820,0
352911,0
69189,0
47496,1
41097,1
37977,1
61163,0
47547,0
59612,0
48423,0
34394,1
48134,1
140639,1
48310,0
55172,1
22889,1
37381,1
47392,0
38345,0
9881,0
34815,1
58604,0
82200,1
76889,0
253369,1
527,1
44251,1
40600,0
59595,1
24818,1
62006,0
39823,1
19561,1
33092,0
1044,1
106041,0
52427,1
4685,1
37129,1
45658,1
34363,0
142211,0
176779,0
42942,0
250255,1
56969,1
24267,1
20332,1
3359,1
100243,0
41998,1
228504,1
37484,0
52328,0
117784,1
74041,1
23953,1
22667,1
32597,1
87899,1
29102,0
7880,1
63879,1
446231,0
61762,0
34843,1
26543,1
75661,1
52543,1
255153,0
76163,1
45408,1
27,1
37058,1
20120,1
242034,1
70548,1
12616,0
227046,1
389173,0
68889,1
45223,1
40944,1
51860,1
37914,1
24318,1
66548,1
109465,0
28806,1
144254,0
7137,1
30092,1
74387,1
21989,1
26996,0
22663,0
46296,1
138666,1
51618,1
19652,0
27839,1
18843,1
4201,0
108758,0
88052,0
52463,0
57141,1
47413,1
94427,0
63864,1
105901,1
72679,0
148897,0
132548,0
28567,1
2624,0
47251,0
149952,0
7187,1
61112,1
43015,1
31302,0
172093,1
68567,1
35082,1
122059,0
8129,1
22208,1
46552,1
41525,1
25251,1
70952,0
88277,1
413537,0
31820,1
85399,1
80889,0
26487,0
64043,1
33409,0
39064,1
25923,1
223339,1
27336,1
227888,0
23329,1
56889,1
375098,0
25704,1
123346,0
20510,0
17503,1
9803,1
19966,1
3820,1
48304,1
38329,1
24855,1
77980,0
56814,0
51025,1
19898,1
18181,1
415973,0
19651,0
34666,0
19715,1
43701,0
23320,1
180349,0
70110,1
3492,1
46886,1
58148,1
67381,1
59231,0
62596,1
232598,0
69643,0
46959,0
34276,0
83537,0
119933,0
44854,1
16324,1
42957,1
219067,0
4371,1
128257,1
40007,0
442825,0
226450,1
5176,1
3724,1
32044,0
54686,0
399145,0
26424,0
336133,0
59187,0
232552,1
57968,1
19063,0
113933,1
274026,1
72981,1
31863,1
81294,0
70000,1
6038,1
21742,0
14334,1
26640,1
23486,0
95650,1
410063,0
250927,1
65618,1
122083,1
129255,0
69048,0
18365,1
451206,0
21843,1
238463,1
3065,1
23614,0
38283,1
67773,1
143513,1
137548,0
9778,1
37159,1
89809,1
6094,1
291537,0
82582,1
33355,1
238709,0
31628,1
25886,1
73295,1
37099,1
115427,1
204555,0
143394,0
136736,0
21861,0
61724,1
76662,1
23886,0
27144,0
19890,0
95324,0
110860,1
22532,1
30558,1
17152,1
14595,1
71427,0
36366,1
45381,1
49529,0
35076,1
28375,0
90109,1
78491,1
875,1
69985,0
18918,1
17626,0
22825,1
81227,0
1197,1
99626,0
37474,1
26327,0
460202,0
66377,1
11966,1
65642,1
30079,0
93405,1
47044,1
84731,0
23364,1
56217,1
7149,1
19912,1
31548,1
142052,0
198387,0
132732,1
82403,0
30549,1
83120,0
28672,1
52751,1
66115,0
20808,0
142326,0
78333,0
56769,1
16289,1
185174,0
16049,1
54835,1
93642,0
27301,0
8120,0
16334,1
57978,0
64063,0
1645,1
30595,1
101456,1
16667,1
99430,0
15620,1
88450,1
10137,1
63598,0
41534,1
23867,1
39373,1
41343,1
141590,1
130781,1
29582,0
34800,1
31031,1
39736,1
27355,1
60724,0
91309,0
44049,0
85815,1
171287,1
10431,1
43375,1
366378,0
92574,0
51497,1
202810,0
55835,1
14553,1
115973,1
35614,1
98476,0
166381,0
70212,1
74315,1
60525,0
142941,1
142582,0
181712,1
23069,0
21421,1
3369,1
45678,1
408206,0
11980,1
114903,1
218697,1
28181,0
85194,1
76051,1
80005,0
65144,1
38101,1
16582,1
57377,1
57726,1
45522,1
30582,1
73769,1
273867,0
257946,1
412899,0
25035,1
202006,1
14636,1
30570,1
207172,1
58392,1
247686,0
35542,1
12428,0
37110,1
74985,1
35026,0
49915,1
42704,1
56842,0
63380,0
43845,1
48674,1
29447,1
115446,0
83679,0
40156,1
77857,0
45353,1
43678,0
31823,1
55550,0
58503,1
171002,0
50116,1
195155,0
98782,1
100518,0
105098,0
78560,1
21806,1
152104,1
9489,0
64968,0
56576,0
14410,1
46573,1
28821,1
63362,0
130077,0
70120,1
114397,0
30980,0
20483,1
79087,1
62416,1
160523,1
86811,0
73983,0
1424,1
56260,0
83677,0
20556,0
155491,0
70748,1
40544,1
11773,1
25489,1
114376,1
38814,0
42287,1
6048,1
151215,0
76396,1
55068,0
68958,0
14339,1
44330,0
87609,1
33438,1
142648,0
38217,0
19197,0
256487,1
45309,0
12224,0
67920,1
144749,1
97157,1
25590,0
17086,1
79312,1
40183,1
13916,1
6985,1
30267,0
4773,1
12648,1
39557,0
33969,1
50510,1
80755,1
90125,1
25021,1
206384,1
20206,1
10731,1
52294,1
6923,1
14265,1
65892,1
69806,0
15487,1
72293,1
29577,1
455653,0
42022,1
47660,0
100262,0
186630,1
17144,1
63097,1
66724,1
69838,0
116720,0
27888,1
24972,0
133994,0
20902,1
36542,1
54972,0
24661,1
239282,0
79934,0
32127,1
82099,0
52608,1
38975,1
10097,0
110752,0
2744,0
36264,1
12932,1
199288,1
17965,1
36206,1
142458,0
107360,0
24494,0
76650,1
45869,0
36917,1
79886,1
81292,1
61853,1
229173,0
3886,0
81512,1
61454,1
95115,0
21202,0
81704,0
167141,1
49675,0
27199,1
57738,1
77847,1
2210,1
20928,1
32096,0
139237,0
86999,0
3595,0
5435,1
69681,1
21183,1
70456,1
65420,1
26375,1
33789,1
110195,0
2742,1
2314,0
32877,1
24382,1
198711,0
28520,1
54269,1
59316,0
64664,0
64970,0
863,1
23742,0
28774,1
49989,0
54696,1
39464,0
35537,1
103543,0
62434,0
21276,1
51496,1
126927,1
94259,1
68808,0
74457,1
158655,1
42018,1
183729,1
37143,1
69691,0
48125,0
14621,1
116644,1
1915,1
90950,1
53200,1
36789,0
71696,1
28517,1
28441,1
87697,1
114108,0
59910,0
28452,1
42135,0
75910,1
56501,1
6209,1
145218,0
66762,1
65723,1
40970,1
7973,1
172125,1
7670,1
231711,1
55784,1
37310,1
50445,1
242679,1
315302,0
90867,0
57031,1
315354,0
7240,0
144044,0
42054,1
196584,0
285196,1
80448,1
94900,1
232750,1
279762,1
74186,0
29378,1
125829,0
75486,1
38951,1
45218,1
56183,0
36753,0
141512,0
97258,1
70421,1
239211,1
26400,1
98854,0
211817,1
7107,1
8140,1
58714,1
45425,1
123562,0
23944,0
40636,1
143011,1
32298,0
44719,1
32033,0
14616,0
406037,0
48447,1
72170,1
79030,1
9319,0
45259,1
18749,1
39794,1
44315,0
66590,1
30714,1
41977,1
22246,1
85188,0
56256,1
35242,1
155091,1
223010,1
156608,1
12048,1
61845,1
125686,0
30228,0
192923,1
86533,1
26331,1
47314,1
139291,0
73302,0
32149,1
73296,1
108026,0
248152,1
17194,1
144465,0
54834,0
100329,1
7997,1
79957,1
28717,0
135382,0
31525,1
59772,1
50026,0
8424,1
60018,0
36014,1
140986,0
108741,1
20968,1
75603,0
18729,1
43404,0
22122,1
66121,1
41011,1
36528,0
29558,1
80936,1
72243,0
23833,1
27334,1
21857,1
44093,1
339066,0
80402,0
61115,1
80041,1
20083,1
17338,1
74068,1
69316,0
1547,0
358368,0
232426,1
5607,1
180170,1
15060,0
12593,0
24446,1
75988,1
32726,1
37146,0
206724,1
36800,1
76417,1
43870,1
88426,1
122012,0
63779,0
240952,1
2875,1
192916,1
30259,1
1257,1
227832,0
35277,1
48915,0
195,1
25640,1
20004,1
56656,1
62317,1
63769,0
79378,1
17767,1
249793,0
38968,1
18775,1
35571,0
23327,1
32508,1
47759,1
310038,0
20853,0
67654,1
49258,1
28744,1
83313,1
27020,0
210612,1
87993,0
49947,0
6256,1
45124,1
13638,0
9731,0
22121,0
64917,1
69967,0
6616,1
45761,1
47666,1
46000,1
32486,1
40458,1
23129,1
6045,1
29942,0
4831,0
238888,1
47125,1
159222,1
64302,1
55140,1
25444,1
51382,1
77145,1
24114,0
21998,1
18759,0
30664,0
86994,1
45446,0
352383,0
16557,1
21210,1
350448,0
51577,1
35455,0
18267,1
54969,1
49178,1
34107,1
28914,1
44996,0
40331,0
44756,0
21104,0
58201,1
231479,0
32004,1
72555,1
340422,0
10748,1
22395,1
7135,0
17630,1
36688,0
221313,0
67618,1
33229,1
175195,0
96528,0
29731,1
26004,0
185215,1
227914,1
45460,1
8040,0
25560,1
33598,1
1517,1
39339,1
31171,0
53244,1
60866,1
306321,0
4397,1
63072,1
216796,1
90687,0
107966,0
14603,1
185037,1
12066,0
37472,1
16984,1
74533,0
26976,0
30128,1
124523,0
111440,0
111262,0
16113,1
189343,1
27510,1
19238,1
3962,1
24072,1
44261,0
23684,1
53721,1
140711,0
20795,1
18879,1
121079,1
149560,1
9747,1
55517,1
19761,1
12039,1
27551,0
31371,1
30488,1
1140,1
51103,1
40820,1
30841,0
21108,1
51058,0
35582,1
331624,0
82502,1
47141,1
41597,1
87886,1
20217,0
3528,1
79661,1
65081,0
41847,0
30074,0
18575,0
3966,1
78593,0
5150,0
19531,1
37720,1
12506,1
49013,0
135259,1
31842,1
133640,0
84155,0
180227,0
226844,0
138179,1
28714,0
95092,1
43341,1
78842,1
79095,1
36533,1
247952,0
95554,1
24403,1
2074,1
2990,1
78414,1
95593,1
46751,0
12739,1
35397,1
92017,1
20545,1
432073,0
306475,0
42493,0
88401,1
456115,0
40540,1
44614,1
54910,1
42747,1
204552,1
65533,1
87732,1
34640,1
31351,0
5681,0
255,0
36018,1
38046,1
67252,0
15758,0
53904,1
81775,1
267931,1
28500,1
22290,0
451616,0
41601,1
75896,1
44513,1
32972,1
48233,1
86932,0
24262,1
46606,1
84566,1
6783,1
54693,1
7568,0
88652,1
47236,1
91083,0
443651,0
402952,0
51318,1
95468,0
236302,1
123834,0
27191,1
224539,1
83832,0
20074,0
168354,0
11776,1
62315,0
119446,1
62652,0
52376,0
13120,1
197879,0
46568,0
8305,1
472602,0
32251,1
3729,1
247906,0
43357,1
54275,1
87829,1
104653,0
25558,1
6338,1
18182,0
179452,1
61718,1
159366,0
97532,1
171991,1
22397,1
49321,1
57759,0
30819,1
34166,0
227012,0
63021,0
79207,1
63120,1
28089,1
72307,1
67339,0
86798,0
56095,0
167980,0
84360,0
17060,1
18506,0
57372,0
19921,1
22281,1
38085,1
39471,1
66164,1
56090,1
10847,1
97011,1
43320,1
77289,0
55300,1
18998,1
43167,1
48935,1
252726,1
42480,0
168566,1
69012,1
119287,0
22284,1
89136,0
16209,1
30931,1
82650,1
58022,1
37574,1
23922,1
36139,1
215372,1
224315,1
1340,1
18383,0
27340,1
158586,1
17896,0
98509,0
7186,1
95462,0
211107,0
56168,0
77219,1
26427,1
15687,1
63628,1
17443,1
65827,1
25523,1
60807,0
232212,0
79818,0
435133,0
197305,1
170704,1
90093,0
31072,1
29888,1
69257,1
9651,1
77324,0
96066,0
59235,0
124849,0
108768,0
19808,1
41086,1
207037,0
19590,0
22393,1
58728,0
2561,1
73386,1
61992,1
54758,0
72501,1
39741,1
92973,1
22411,1
142335,1
4212,1
79653,1
8986,0
59802,1
39900,1
27170,1
88914,1
59372,1
64802,1
89925,1
30261,1
114269,0
358641,0
100932,1
18649,1
78955,0
29323,0
313983,0
283293,1
12063,1
3401,1
65157,0
283222,1
139423,1
44412,1
69361,1
25817,1
88865,0
409792,0
58521,0
10307,1
160901,1
75476,1
181227,1
44802,0
16235,1
377165,0
115905,1
35166,1
88325,1
26041,0
241154,1
141574,1
144576,0
3982,1
90303,1
55967,1
156293,1
75146,1
26229,1
101298,0
65130,1
25166,1
92526,0
42854,0
17046,1
39862,0
38510,1
15466,1
67698,1
22316,0
77955,1
76602,1
19990,1
451125,0
18041,1
93209,1
364186,0
59687,0
28456,0
109398,0
86074,1
34554,1
41120,1
85038,1
219757,0
59837,1
27721,1
95824,0
662,0
37090,1
150022,1
6708,1
44316,1
292024,0
14252,1
120137,0
30256,1
47606,1
222322,1
412213,0
71844,1
47653,1
25628,1
2035,1
172388,0
33933,0
9285,1
17950,1
35368,1
38347,1
389740,0
60142,0
4175,1
85500,0
159997,1
10140,1
84969,1
722,1
6170,1
235694,1
10198,0
8793,1
43761,0
40075,1
42903,0
155318,1
42624,0
95619,0
62450,0
211913,1
131755,1
10639,1
40630,1
160042,0
23400,1
55945,1
11553,1
103594,1
144244,1
43919,1
62623,1
97187,1
48036,1
26441,1
19246,0
22267,1
76553,0
131963,0
28828,0
82522,1
30659,1
49879,1
39611,1
61303,1
271921,1
6355,0
6791,0
44078,0
44459,1
24484,1
83543,1
59853,1
110393,0
9170,0
87173,0
124224,0
99398,0
36995,1
50391,1
21230,1
