442
532
37
10767
13189
9041
16894
709
123
551
746
103
466
155
223
30
292
677
2160
188
9265
714
6337
99
173
697
21
558
81
552
278
411
712
286
767
119
432
527
353
15853
719
471
4
681
735
737
7471
702
8069
750
640
16399
83
626
555
9394
17871
14665
98
14663
549
611
32
18783
122
7893
14533
564
267
167
9505
88
12607
707
156
567
321
445
263
483
6673
2678
742
3714
421
9382
181
255
8567
218
247
9915
507
194
477
280
311
13348
372
10679
44
178
698
699
786
716
369
9095
684
733
788
294
538
7517
12667
10345
19736
144
7296
458
17491
7842
393
10731
14208
622
433
265
387
230
12886
1467
494
706
172
171
405
221
236
2841
256
14955
389
384
354
17820
9710
576
20791
10692
325
736
441
16447
15450
217
137
557
448
779
5
682
91
3736
619
511
469
6199
19745
13607
456
245
489
134
249
749
439
10553
2602
12711
165
647
10267
10789
8736
731
773
352
74
20492
15628
18
695
67
649
314
5253
673
19048
657
436
792
174
17477
340
680
705
344
291
362
120
20147
8399
621
379
20415
727
763
209
468
413
166
766
6454
451
115
756
315
15181
7173
339
583
2
505
691
543
502
132
627
160
189
108
40
596
8932
14096
392
11865
473
666
516
66
15695
193
198
414
19391
72
206
617
1526
301
214
373
19812
450
281
416
4336
406
17182
15934
12803
129
739
186
222
308
219
31
146
341
18044
356
400
38
770
16902
464
16277
418
634
212
285
13154
149
254
342
607
25
355
784
26
665
18371
227
164
754
190
127
598
298
162
604
650
793
778
664
268
777
304
1840
56
3181
556
660
232
12114
623
437
15348
504
574
8474
17328
625
87
310
349
93
20217
327
725
183
751
15245
18873
12579
316
15518
542
131
774
592
