91900
61494
119839
86371
120612
83154
20193
87257
93066
105299
126374
95896
32697
10298
34654
78089
125186
40738
81516
93231
87481
85268
88023
9904
32703
56707
41205
124971
123332
126810
125296
137316
135757
118655
116902
8299
12731
44477
49422
48461
34491
78462
87545
86420
57064
54733
86843
72247
40319
70756
96786
84268
88367
15007
124134
79056
16839
79076
113771
64991
115226
51044
54389
4926
40673
129820
3116
69312
61498
96402
43632
37243
67364
47978
78695
82417
74598
87678
73170
77967
21833
64059
94600
40923
43914
87038
67778
13754
135551
18894
128371
124096
114593
126186
24729
93180
99418
73368
70143
107452
87175
101297
117454
112507
120749
27477
125072
29636
34976
126474
83721
85555
43123
53661
52163
62430
60476
39785
31268
36462
24239
61759
79748
111779
89288
55101
69789
98516
57256
90140
136654
83970
136090
14108
7771
46794
90015
55856
52529
114946
53458
81083
48456
36614
74714
73677
117621
64092
74590
53027
107373
35221
122387
36318
48600
88438
61003
86110
80578
47410
125039
86622
85557
51224
28758
83630
3357
103330
123868
36201
32247
63242
88770
9202
123165
59747
49329
101168
105401
124679
129267
103104
129587
91495
126952
1029
38210
55729
7942
12136
70828
56193
23742
82394
49269
60114
88644
33973
43082
51391
16745
87820
41215
56977
99635
117339
127091
117606
47037
51988
44169
59513
9427
49585
67679
87543
12946
38146
83584
85649
99264
68292
88497
83730
74850
113971
49271
42515
77585
68598
125065
118897
8675
75477
70694
93656
123638
105996
126257
126978
69189
55347
7207
108546
102003
36467
40847
46124
38848
87918
58752
23694
48988
84750
89151
79421
87421
95974
101377
59347
88947
128205
18043
74255
43000
88089
32387
115776
94894
41765
46645
75049
78640
59038
88255
87403
26019
96373
92827
86699
63620
101801
89981
58267
39395
87698
124389
42453
130060
51796
88033
91460
32779
45512
76370
32818
34318
70254
55013
64164
59624
51897
93886
124836
76834
61835
90062
59589
61577
60926
89237
88325
15847
98751
103271
126775
126456
136521
126174
137364
22144
31764
41788
130024
4197
28211
95884
88004
2885
45807
32808
55972
61869
56604
69536
99171
26663
31769
31419
85945
94372
92186
99821
125030
125182
123385
18013
62000
62168
26800
77202
100073
94293
123835
37594
71218
125932
111766
136695
128973
135630
66712
74284
74291
49719
122935
64922
86839
42505
38394
91863
81862
52054
100755
103579
126828
43441
33797
126288
62987
50514
47115
78973
43920
57565
86167
88103
43808
31044
88332
63088
59671
91346
99209
124843
108182
126951
126185
20939
61069
2295
4355
10233
6484
93917
74913
39751
11769
88598
3273
103140
100133
47165
67612
121341
84169
60195
32288
28074
79096
96101
115478
91174
54599
93131
84673
44127
100003
88822
32631
130929
135580
51397
39481
86320
136920
88722
125148
118502
42443
123702
130468
23516
11358
55305
56732
32376
60361
31132
49443
89660
88549
87151
32155
75783
52582
36200
87732
3106
16360
78036
67121
83943
51423
84897
26913
41177
24474
116706
5282
113055
82431
128236
97751
52664
91073
91092
89908
79754
86685
81018
118646
110782
18507
100948
125481
21337
122045
124899
135959
128662
54811
62219
66779
19444
72982
114837
125347
128485
137611
126398
59843
128068
130889
52771
77453
120330
68968
90997
90407
969
8032
102684
16734
88275
108943
110846
127773
125950
124949
125510
125848
119681
100710
123313
99372
74108
34898
112918
93361
88035
1201
2010
49576
46262
53338
31782
59862
59314
88668
94378
88313
93941
90030
39033
58566
62008
60231
40742
55795
92214
99219
99033
107245
84915
70228
102299
60560
106421
83957
24076
11189
40038
46973
57950
76960
49630
62572
59207
68157
87567
71303
31815
39940
49657
23454
60309
65233
60212
55452
28952
87062
58586
94748
15639
80471
131041
106520
127900
84754
87893
122483
53181
52251
57364
57712
40522
43678
126711
87774
88236
2891
60127
33107
105472
59127
49927
81344
15099
59975
62803
98049
6606
6417
131123
4529
10524
25755
25858
91413
91927
59492
112921
124597
51506
23911
54760
97966
59032
11574
58257
56465
94941
119096
96192
120809
10838
21910
99451
87890
91424
39380
27867
51914
25377
115418
121990
126433
87961
23700
89939
20444
124895
23434
48513
62606
50146
31233
83208
41456
40291
58105
53647
75258
67686
88758
84836
92516
13502
116750
100335
128022
121291
23085
21379
8422
4840
37517
59924
76320
81478
87588
73934
29301
90098
87104
31431
37737
91502
13828
124130
56211
103978
113693
128422
102847
59276
102242
125287
124792
88666
75971
53672
40712
59586
31896
45849
39772
51941
78846
851
88483
77060
92191
105351
102558
135941
115355
128718
11618
126459
22435
129088
61621
56950
42870
41473
64102
58028
63355
89830
84245
85879
102731
126157
88930
126568
93814
67236
27409
57838
34149
100678
89820
81845
29816
84530
87343
70075
127331
89505
17492
27461
26688
26532
27621
45779
32352
17157
27243
18504
18076
13404
19550
17246
21191
20571
9046
11397
97095
26777
45776
27472
23252
41824
48385
25855
28021
25575
24906
23723
19149
2847
25543
20702
26642
25750
24764
25102
13005
2064
11937
4392
13774
24251
26582
3818
24179
1315
41633
26306
26825
27285
27307
6557
