49245,0
65681,0
78073,0
7072,1
45475,1
29380,1
26151,1
42940,0
61929,1
28911,1
411588,0
10633,1
62175,0
272550,1
132923,1
23951,1
216765,0
20959,1
58635,1
468495,0
1990,1
65743,1
142637,0
19360,1
455134,0
39704,0
54904,1
9596,0
255699,1
253773,1
47087,1
101710,0
9781,0
29446,1
200905,1
58605,1
52209,0
111969,0
52537,0
33028,0
3020,0
38404,0
176358,1
86487,0
44221,1
204029,1
5286,1
97530,0
4804,1
80854,0
6365,1
26000,0
271615,1
72963,1
32885,0
59309,0
219077,0
55452,0
55008,0
45519,1
10242,0
95836,0
83381,0
51658,1
46205,0
74978,0
42152,1
65612,0
19704,0
71671,0
83294,0
83984,1
58674,1
26027,1
32569,1
66989,0
18715,0
223601,1
32656,0
32520,1
41220,1
56653,1
19446,1
231640,0
29318,1
232704,0
22984,1
18399,1
61358,1
54352,0
96633,0
68557,1
66853,1
20601,1
422169,0
83615,1
126330,0
87889,1
54761,0
278669,1
67743,1
23057,0
20284,0
83013,0
40952,1
192569,1
93663,0
41696,1
85147,0
66397,1
26452,0
74827,0
40756,1
42450,1
242892,0
73354,1
25038,1
34452,1
81982,1
116452,0
2743,1
61462,0
37736,0
2952,1
23122,1
59610,0
37171,1
7047,1
61729,1
279893,1
14734,1
44803,0
23932,0
90306,0
100564,0
119421,0
46673,1
81095,1
155119,1
69478,0
33166,1
71290,1
46023,1
154011,1
82049,1
28180,1
336599,0
132967,1
53043,1
109390,0
116215,0
38416,0
47942,0
54539,0
18244,1
210706,0
39683,1
377359,0
29984,1
140101,0
86669,1
371,1
55518,0
13588,1
15799,1
23236,1
39839,0
4935,1
200532,0
35960,1
16513,1
64887,0
87482,0
57435,0
88322,0
2328,0
27386,1
49007,0
75343,1
92466,0
429742,0
27978,1
33971,1
72408,1
91420,0
3322,0
56537,1
55911,1
67649,0
48179,0
229511,1
29537,0
13896,1
236790,1
46271,0
56325,1
26159,0
466326,0
23635,1
65683,0
42293,0
28649,1
219087,1
55903,1
119314,0
79535,1
77052,1
124985,0
82785,0
26187,0
72608,0
7640,1
30054,1
78401,1
143457,0
20950,1
62752,0
84677,0
44073,0
85347,0
52962,0
76427,1
36715,1
126426,0
10692,0
301635,0
7616,1
193956,1
77961,1
58028,1
208848,1
92877,0
8513,0
24680,1
32869,1
690,0
83326,1
25278,1
26636,1
17500,0
16463,0
22325,1
29150,1
444589,0
58768,1
48003,0
100215,0
32109,0
27244,0
78822,1
14592,0
69664,1
343197,0
6751,1
165541,1
74357,0
55740,1
30958,1
27930,1
61482,0
89118,0
15258,1
185802,1
41475,1
27211,0
277662,1
82331,1
411211,0
13778,0
9346,0
3484,0
95689,0
10484,1
68257,0
16590,0
18746,1
80710,1
64511,1
1802,1
79555,1
6610,0
3767,1
74692,0
25650,1
115911,0
304674,0
52131,1
44778,1
79572,1
147119,0
54879,0
31379,0
79757,0
83257,0
8897,0
25400,1
37998,0
87303,0
86463,0
81250,1
77300,1
55325,0
31333,1
82942,1
13852,1
63317,0
237870,0
5353,1
790,1
87540,1
13195,1
55998,0
145074,0
178978,1
123358,0
23217,0
120313,0
47801,0
46036,0
71942,1
97933,0
15634,0
39303,1
5414,0
223014,0
54898,1
16000,1
10889,1
23798,0
61696,1
84051,0
83433,0
158383,1
21939,0
54413,1
51263,0
19555,0
386859,0
412649,0
132562,0
90526,0
26623,0
37180,1
140854,0
25562,1
7272,0
10925,1
3261,1
147316,0
60928,0
51110,1
82927,1
78595,1
53699,1
36694,1
112317,0
16396,1
28060,1
39062,0
103331,0
84878,1
22848,1
73610,0
40866,0
23273,0
8497,1
16655,0
80361,1
91388,0
63161,1
21076,0
114969,0
54306,0
21099,1
216568,1
86662,1
79748,0
183646,1
22874,1
75455,1
11976,1
78487,1
24618,1
10935,0
78035,1
32333,1
46507,1
280824,1
1610,1
87730,0
48457,0
43367,1
28804,0
26189,1
55815,1
186917,1
261351,1
26347,1
71799,1
97241,0
25199,0
78363,0
5418,1
78811,1
41117,0
71858,1
27483,0
140819,1
39094,1
25007,1
467906,0
45042,0
251085,0
58881,1
20972,1
88030,0
50276,1
54854,0
43224,0
41689,1
94714,0
51936,1
16448,1
11680,1
78836,0
31891,1
28398,0
337172,0
113462,0
38672,1
24894,0
81577,0
27347,1
80608,0
145289,0
30589,1
59631,1
56374,0
26675,0
22204,1
29813,1
24224,0
57789,1
6522,1
45763,1
131480,0
414471,0
226310,0
49155,0
30033,1
5668,0
20846,0
41061,1
81098,1
63185,1
70982,1
33360,1
47221,0
30099,0
23491,0
357439,0
23347,0
3673,1
38767,1
32417,0
13680,0
216224,1
45125,1
47131,1
7023,0
398712,0
4860,1
59285,0
55402,1
50534,0
82444,1
215980,1
10687,1
66144,0
95192,0
3131,0
22927,0
165579,1
89011,0
44662,0
81186,1
19144,1
55223,0
42016,0
5182,0
31938,1
254349,1
315562,0
98346,0
41648,1
58792,1
52268,1
72734,0
1426,1
204309,1
9252,1
62710,0
41734,1
111404,0
1972,0
52243,1
29710,1
30178,1
984,1
89322,0
63312,0
34509,1
13662,1
12719,1
25004,1
116413,0
419550,0
122965,0
73323,1
108593,1
142868,1
215360,0
340,1
43439,0
2706,0
70881,0
67621,1
100859,0
33504,1
38760,1
201118,1
82323,0
47963,0
184655,1
16133,1
63943,1
32729,1
295947,0
258079,0
82588,1
138504,0
35899,0
84513,0
30258,1
242835,0
79246,1
94885,0
119393,0
33657,1
44371,1
70836,0
83693,1
393786,0
109881,0
82744,1
56066,0
464716,0
8969,0
45215,1
121006,0
137729,0
78435,1
5126,0
38834,0
16368,1
44402,1
47685,0
73042,1
44080,1
121625,0
82192,0
16838,1
393841,0
20542,0
60313,0
236236,0
31012,1
23189,1
19093,1
236818,0
75339,1
33792,1
46927,0
201681,0
33347,1
471548,0
34102,1
34882,1
82127,0
96557,1
19551,1
97845,0
63211,1
45085,0
41298,1
77122,0
85650,0
128256,0
6867,0
145155,0
32456,0
234960,0
6200,1
20489,0
76224,0
166117,1
193924,1
41242,1
9433,0
17149,0
17372,0
17398,1
96155,0
40909,0
30533,0
65552,1
48170,1
216821,0
20700,0
162308,0
68434,1
160909,1
77725,1
65398,1
39409,0
71018,1
55715,1
414539,0
410314,0
31218,1
26919,0
197689,1
213583,1
68278,1
34206,0
52961,0
31749,1
367581,0
186399,0
51353,0
89961,0
44814,1
50368,1
58004,1
244095,1
74994,1
22903,1
44437,1
57611,1
39446,1
97457,0
64885,1
84202,1
23814,0
13758,1
40913,0
77689,0
24744,1
42760,1
33358,1
18916,0
63690,0
265744,0
89890,0
210807,1
37323,0
70315,0
70469,1
258604,0
56322,1
41840,0
36163,1
29156,1
55879,1
35221,0
11643,1
41832,1
76930,0
138214,0
24268,1
86773,1
78859,0
5132,0
31370,1
43614,0
103744,0
122669,0
80865,1
167830,1
61974,1
84460,1
24480,1
168,1
64252,1
127314,1
20960,1
35826,1
42373,0
86323,1
124544,0
242070,1
21272,1
67360,1
131999,0
66680,1
20919,1
53775,0
25993,0
32034,1
9882,0
86408,0
69301,0
258417,1
39881,0
85597,0
171008,1
81751,0
13954,1
79151,0
39789,1
36976,0
13858,1
118890,0
147865,1
47498,0
45657,0
31303,1
49546,0
33821,0
47353,1
39725,0
2040,1
84564,1
49720,1
39420,0
16444,0
58131,0
89748,0
25031,1
16968,0
83870,1
69371,1
5090,1
61071,1
34446,0
391488,0
6041,1
23253,1
24085,0
143981,0
72049,0
78095,1
2779,1
65409,1
37521,0
51275,0
20591,1
32395,0
14095,0
31701,1
7758,0
258515,0
8414,1
11541,0
78478,1
85853,1
30752,1
296420,0
21859,1
77150,0
31106,1
129609,0
78664,1
153997,1
210131,0
218236,0
96680,0
11206,0
61844,0
88365,0
80591,0
117107,0
193497,1
136093,0
40235,0
56960,1
34624,0
43032,0
38959,1
68147,0
3487,0
76678,0
23906,1
42421,1
20661,1
81436,1
64405,1
126387,0
88621,0
29153,0
188012,1
19157,0
66992,1
15545,1
85821,1
102467,0
255554,0
97535,0
61733,1
55317,0
75518,0
1552,1
48563,0
33639,0
67021,1
85357,1
106230,1
21243,0
60186,1
47451,1
69137,0
29056,1
21170,1
33306,1
106538,0
84403,1
99912,0
3865,0
131721,0
20540,1
53987,1
86946,1
6793,1
88302,0
84987,0
60375,1
54012,1
35620,0
127087,1
29325,1
25605,0
36543,0
20231,1
89783,0
4146,1
224939,1
71929,1
85546,0
229296,1
277,1
74140,1
376698,0
64367,0
39157,0
95055,0
42224,0
24221,1
5696,0
24755,0
72654,0
82148,1
29324,1
29998,0
35897,1
40080,1
433664,0
19825,1
64995,0
26286,0
168386,0
93550,0
258380,0
50876,1
123969,0
56829,0
49564,1
54245,1
32048,1
26035,1
280123,1
6049,1
24208,1
69508,0
32173,1
198136,1
87,0
219255,1
53405,0
99127,0
42836,1
62195,0
182856,0
189211,1
42204,0
50582,1
45739,0
98462,0
63830,0
28796,1
1462,0
16043,1
66421,0
445562,0
17584,0
72409,0
12378,0
64177,0
48169,1
238573,1
22255,1
131197,0
62304,0
344023,0
28198,0
65001,0
26233,1
202621,1
73596,1
180061,1
10849,1
432328,0
6931,0
25470,1
21811,0
34602,1
55598,0
62190,1
100857,0
46320,0
26442,1
703,0
73924,1
37452,0
3235,0
106912,0
91041,0
239903,1
34551,0
75225,1
454047,0
221118,1
6688,0
4959,0
17552,0
58793,0
180388,1
27918,1
23492,1
44959,0
39563,1
126012,0
17891,0
8759,1
41470,1
77328,1
41023,1
23624,0
136318,1
124250,0
47731,0
3978,0
24398,1
19932,0
29058,0
48355,0
448942,0
71355,1
77769,1
135987,0
70540,0
59563,1
104220,0
113324,1
65627,1
54661,1
84855,0
59681,0
57696,1
134720,0
99303,0
70023,1
46094,1
67667,0
39406,0
45919,0
83820,0
39366,1
279785,1
69589,0
246952,1
4588,1
29090,1
38568,0
25411,0
42162,1
40921,1
31079,1
69836,0
27013,1
31729,0
4224,1
26081,0
7524,0
48037,1
19971,0
3016,1
37976,0
3344,0
9986,0
25794,0
65116,0
82056,1
17820,1
4469,1
411790,0
166511,1
67857,0
266800,0
34313,1
96535,0
86684,0
22327,0
56267,0
93400,0
36153,1
89781,0
43500,1
37184,1
49713,1
29574,0
52931,1
234135,1
99129,0
9282,0
85231,1
89068,0
46011,1
12541,1
61713,1
58673,1
96759,0
43519,1
155157,0
140701,0
85790,0
19952,1
37601,0
70086,0
90124,0
64460,0
69114,0
58329,1
5339,0
67761,0
19108,1
65840,0
23085,0
7841,1
28345,1
75176,1
39875,1
27581,0
271646,1
322190,0
104010,0
103853,0
32752,1
54733,0
31256,1
110876,0
35869,0
13032,0
149836,1
36085,0
87872,0
2225,1
200884,1
38123,0
33225,0
36733,1
20439,1
80241,1
226409,1
43698,0
68780,0
115763,0
85444,1
37108,0
208754,1
227490,1
166096,1
134929,1
34713,1
56898,1
59913,0
59662,0
52952,1
83443,1
84924,1
56042,1
448779,0
42409,1
336571,0
42481,1
69032,1
21367,0
51959,1
9337,0
98024,0
55176,1
76133,1
191388,1
40023,1
71508,1
115090,0
23056,0
86467,1
56605,1
9278,1
84514,1
114538,0
122876,0
66159,1
1846,1
273551,1
246492,0
30412,1
59268,0
70143,0
14646,0
45333,1
51266,1
77524,0
219659,0
28661,0
44747,0
91935,0
123620,0
10663,0
25443,0
50042,1
19228,1
68747,1
31855,0
25436,1
239841,1
222429,1
65450,0
12320,1
77463,1
97129,0
329556,0
15256,1
167155,0
53176,1
79467,1
46774,1
37824,0
12988,1
35862,1
19442,0
194293,1
45088,0
50662,1
102005,0
41483,1
33241,0
78268,0
172732,0
466418,0
53163,0
39621,1
1484,0
53973,0
106474,1
32015,0
69447,1
62249,0
252442,0
48890,1
25910,0
169341,1
29535,1
155774,0
80725,1
93182,0
55523,1
21268,1
322928,0
98666,0
416836,0
18982,1
256524,0
52422,0
368638,0
83410,0
20085,0
22877,1
83448,1
53597,0
17312,1
25119,0
39529,1
26746,1
16293,0
39660,1
10462,1
140173,1
60908,0
93532,0
30857,1
22118,1
316205,0
81640,0
26486,0
69817,0
19674,1
40692,0
31521,1
122714,0
42699,1
25077,0
8710,1
48858,1
70198,0
66574,1
77176,0
22737,1
134022,1
39718,0
54731,1
42696,0
28818,0
65041,0
159168,0
76922,1
13578,0
88881,0
26246,0
68010,1
270460,0
49414,1
23570,1
19816,1
82360,1
196674,1
93386,0
49445,1
43988,1
31630,0
3372,1
162435,1
22873,1
309183,0
46879,0
336355,0
220133,1
76564,1
94283,0
78659,0
40359,0
62379,0
59986,0
83962,0
6851,0
200556,1
379315,0
110804,0
33725,1
151283,1
31174,1
133221,1
220212,1
22495,1
60699,0
7994,0
60982,1
120188,0
2255,1
31088,1
47188,0
45300,0
48376,0
88625,0
101009,0
35182,1
386697,0
90693,0
33367,1
55406,1
11958,1
23861,1
5217,1
110058,0
27293,1
12261,0
28954,0
1858,1
432954,0
64614,0
3700,1
73911,1
44750,1
21252,1
21398,1
156640,1
32154,1
42558,0
39792,1
55380,0
16730,0
218252,1
38448,1
28867,1
10734,1
58643,1
99982,0
35722,0
77884,0
80383,0
98627,0
56255,0
51734,1
51111,1
20124,1
73372,0
43826,0
9658,1
384502,0
10622,0
355623,0
84239,1
90289,0
79989,0
16308,1
92078,0
45316,1
46265,1
130117,0
77949,1
52745,1
20310,1
9016,0
34702,1
76371,0
11302,0
235861,1
46210,1
35748,1
65138,0
18075,1
41685,0
138895,0
110823,0
230606,0
43365,1
84520,1
13163,0
71833,1
62257,0
97594,0
135196,0
30154,0
32605,1
76736,1
17726,0
32063,1
239515,1
454363,0
227246,1
1750,1
21594,1
2738,1
21063,1
142586,0
70603,0
9941,1
26730,0
66778,0
77999,1
2192,0
99053,0
27837,0
68069,0
36415,1
46450,0
54015,0
36297,1
59432,1
31555,1
54375,0
24498,0
76050,0
14901,1
221473,1
32122,0
27780,1
61117,0
54451,1
35684,1
27108,0
23731,1
33972,1
38441,1
12120,1
15375,1
77431,1
27313,1
87216,0
46739,1
18499,1
138200,0
209670,1
202289,1
193457,1
436272,0
57304,1
121907,0
22410,1
45709,0
93890,1
48189,0
37612,0
44163,1
7767,0
254673,1
37147,1
29408,1
66930,1
81085,1
230260,0
72949,0
23058,1
2521,1
401625,0
44548,1
62689,0
23558,1
62131,0
133819,0
70266,1
212518,1
53834,0
55778,1
9801,1
31704,0
27651,1
116414,0
81268,0
2846,1
96608,0
32864,1
35377,1
12299,1
5963,0
158477,1
104423,0
42949,1
205266,1
40115,1
8741,0
40828,1
61778,1
24812,1
82853,0
17499,1
78007,1
48205,0
27145,1
20360,0
83522,0
21437,1
210169,1
14446,1
217247,1
15685,0
48023,1
221603,1
85730,1
60006,1
27436,1
70428,1
50437,0
433317,0
27743,1
61296,0
12715,1
46805,1
8020,1
30336,1
51268,0
70629,1
3828,1
5502,1
17073,1
130380,0
222652,1
25506,1
23630,1
22197,0
22039,1
213567,1
117399,1
66051,0
49039,0
182689,0
21177,0
23945,0
114667,1
90699,0
57272,0
15222,1
208083,0
170080,1
35514,1
93755,0
84614,0
53884,0
62186,1
316117,0
54684,1
48597,0
77480,0
207605,1
3999,1
49456,1
153505,1
50312,1
114508,0
1901,1
20346,0
174892,1
25630,1
174173,1
45835,1
20827,0
23144,1
151901,1
132136,0
23172,1
40460,1
3212,1
38447,0
55958,1
27286,0
14958,0
48229,1
3618,1
46566,1
45470,0
139515,1
45345,0
47083,1
41580,1
26237,0
29457,1
398,0
24440,1
26140,1
101990,1
63845,0
3098,1
395668,0
4301,1
74997,0
77644,0
32744,1
18480,0
168367,0
21627,1
258642,0
53824,0
423558,0
29743,1
29721,1
23696,0
32495,1
35382,0
53336,1
75000,0
30302,0
64299,1
80823,1
30577,0
21012,0
82206,1
35946,1
61708,0
80594,1
63988,1
41001,1
251576,0
45210,1
43179,0
24641,0
43495,1
342686,0
900,0
53493,0
84653,0
59904,1
37836,0
33377,0
63137,0
37806,0
16800,1
269923,0
216326,0
24997,0
66779,0
27966,1
81495,1
368276,0
45597,0
38361,0
2374,1
70224,1
46067,0
72691,1
20897,1
52662,0
112185,0
440954,0
61598,1
57341,1
37653,0
21770,1
16232,1
60675,0
32286,0
71941,1
30457,0
32210,0
373806,0
955,0
464193,0
75289,1
242648,0
176888,0
57480,0
77259,1
45976,1
64724,0
21447,1
267524,1
32878,0
229395,1
51874,1
27850,1
32054,1
34591,1
495,1
86694,0
132493,0
46914,0
125021,0
20234,1
189044,0
22085,1
86809,1
89308,0
21651,1
464562,0
467136,0
31341,0
48584,1
45862,1
39674,1
42740,1
25676,1
25143,1
21112,1
17881,0
64709,1
90328,0
48886,0
41365,0
1657,1
17833,0
251411,1
15997,1
182993,1
80625,0
86576,1
20535,1
67162,1
103249,0
42898,0
67953,0
38465,1
22549,0
7947,1
73352,0
23178,1
120493,0
64862,0
44162,1
54542,1
42660,1
51954,0
22345,0
40971,0
108783,0
42323,1
5487,0
150191,1
225934,1
22103,0
7916,0
91237,0
78858,1
429506,0
84858,1
19484,1
94726,0
85265,1
107076,0
45788,1
44970,0
32889,1
143532,1
55866,1
99142,0
20335,1
60633,1
47113,1
467323,0
87822,1
81653,0
62838,0
44682,1
52934,0
255599,0
213609,1
80834,1
64840,1
259880,0
19865,1
37098,1
29687,1
56275,0
57972,1
47285,1
6088,0
81530,1
224568,1
83847,1
17413,1
24575,1
38960,1
65035,1
52059,1
24139,1
67372,1
219053,1
32655,0
242052,1
188613,1
85278,0
44830,0
32162,1
50322,0
51323,0
8713,1
22648,0
38666,1
33464,0
55991,1
44505,1
56361,1
142966,1
30778,1
20163,1
58840,1
71485,1
360502,0
7200,1
22991,0
17581,1
36241,0
121415,0
61293,0
96601,0
221519,0
45410,1
58319,1
54164,1
53117,0
141020,0
100742,0
46376,1
77685,1
118312,0
56594,1
28947,0
27029,0
441879,0
183873,0
25973,1
63630,1
69702,1
10475,1
17116,1
185046,1
282087,1
70882,1
18192,1
96135,0
93945,0
24705,0
15,0
246206,0
47674,0
63348,0
460820,0
73676,0
98633,0
37885,0
16810,0
42146,1
30866,1
13463,1
13929,1
15859,1
20338,0
23688,1
72443,1
21236,0
15384,1
80294,1
89978,0
21705,1
102902,0
1579,0
9525,1
197765,0
65996,1
91912,0
463692,0
81500,0
76283,0
36974,1
87768,1
69511,0
216660,1
99650,0
23328,1
63590,0
3584,1
82236,0
29626,1
179841,1
10095,1
420149,0
60333,0
23788,1
26604,1
19318,1
42848,0
81047,0
67844,0
25488,1
224015,0
109464,1
20211,1
50357,0
23039,1
54940,1
82493,0
7633,1
11687,1
24694,1
22461,1
69004,0
133295,1
8654,0
124834,0
41509,0
73312,1
41281,1
173445,1
960,1
47655,1
158209,1
99712,0
9178,1
75604,0
101571,0
28250,1
34635,1
20456,1
453417,0
33615,1
51319,0
44296,0
29237,1
43315,1
196198,1
32421,1
37463,1
382955,0
857,0
7534,1
39995,1
84162,0
29213,1
427940,0
220650,1
455597,0
34320,0
24709,1
89657,0
79887,1
105746,0
318790,0
36626,1
40127,1
378155,0
41480,0
95390,0
13239,0
18905,0
31954,0
52304,1
52325,0
33369,0
129924,1
64268,1
70401,0
40511,0
80647,1
413208,0
36339,0
162438,0
95724,0
29603,1
47976,0
25689,1
10680,0
130209,1
32854,1
121473,0
19562,1
104255,0
42664,0
204144,0
116676,0
24483,1
82106,1
219049,0
155827,0
56497,0
55775,0
46337,0
39844,0
30627,1
62495,0
71367,0
44888,1
72955,1
10073,0
53337,1
2189,1
24672,1
176834,1
62338,1
65239,0
73864,1
107903,1
85643,0
101706,1
12099,1
5453,1
967,1
29564,0
78813,1
35058,0
59979,1
33793,0
83149,1
24975,1
32060,0
78167,1
23173,1
98942,0
78254,0
28058,1
583,1
53826,1
24580,0
71316,1
52602,0
83487,0
13575,1
47930,1
135322,0
47689,0
105621,0
29003,1
63063,0
135303,1
388677,0
11083,1
40598,0
30893,0
227725,0
224589,1
58688,0
60792,0
41020,1
224827,0
48008,1
33703,0
66221,0
19703,1
75978,0
23626,1
17622,1
29043,1
25112,1
63682,1
86450,1
359269,0
7040,0
84734,1
232,1
97331,0
73768,0
10002,1
284010,1
233944,1
19949,1
431653,0
86902,1
99465,0
39474,1
18920,1
78602,1
133677,1
57425,0
100377,0
48202,1
51605,0
43714,1
102296,0
93748,0
57112,0
67485,0
140320,0
17826,0
132753,0
10492,0
31713,0
40051,1
5959,1
23071,1
100135,0
11314,0
78875,0
80182,0
74150,1
31668,0
19192,1
44042,1
40112,1
68205,1
116607,0
227664,0
32822,1
62419,1
7859,1
108530,0
42502,1
64630,1
39403,0
57184,1
107521,0
31084,1
451680,0
9450,0
64600,0
167099,1
473856,0
80538,1
66367,1
18577,1
334876,0
59207,0
3363,1
375428,0
52022,1
93791,0
101624,0
77615,0
447341,0
223536,0
91511,0
205820,0
375197,0
110214,0
41231,0
29424,1
36290,1
52343,0
1215,0
71142,0
45940,1
17517,0
11574,1
38090,0
51082,0
51512,1
21429,1
84594,1
20337,1
34907,1
113587,1
15007,0
230951,0
33077,1
90138,0
45578,1
20614,1
40668,0
37987,1
41207,1
439143,0
162216,0
22928,0
60351,0
3967,1
11651,1
48354,1
29157,0
272366,0
82404,0
121138,0
267533,0
7117,0
463677,0
43974,0
23698,1
10196,0
335418,0
20282,0
64218,0
22212,1
49058,1
126188,0
32690,0
77856,0
458731,0
70405,1
69024,1
12793,0
10350,1
88072,1
164452,1
39532,1
97577,0
89251,1
123364,0
21422,1
69754,0
36892,1
57147,0
285554,1
46043,0
19465,1
56522,0
65434,0
69992,1
3458,1
206719,0
29264,0
23617,0
122926,0
90347,1
49811,1
144948,1
366076,0
22647,1
60827,1
51457,1
37643,0
60177,1
37578,1
173608,1
222000,1
51986,0
45147,0
30651,1
47038,1
82031,0
224061,0
26959,0
48013,1
82527,1
20531,1
32631,1
100623,0
28430,0
182349,1
41353,1
5326,1
30550,1
58709,1
28010,1
205426,0
73976,0
69595,1
64456,1
79695,1
54787,1
194341,0
197004,1
76551,1
23651,1
30645,0
65425,1
49667,0
29803,0
51060,1
39720,0
166270,1
43350,1
44514,1
123341,1
68965,0
85331,1
94864,0
8577,1
15845,0
93128,0
4723,1
96118,0
40116,0
1221,1
79589,1
94792,0
45561,1
2264,1
12367,1
75199,1
28301,1
76212,1
354457,0
82335,1
55539,1
31912,1
54778,1
76867,0
108139,1
50741,1
63104,0
10001,1
52973,1
204443,0
144536,0
23997,1
230462,0
33439,1
214909,1
20699,0
31996,1
96673,0
52091,1
2955,0
8671,1
78429,1
51583,0
2240,0
76686,1
42341,0
32649,1
83440,0
77390,1
50138,1
91368,1
69958,1
419336,0
66678,1
31822,1
16014,0
73007,1
26949,1
119677,1
4632,0
145626,1
59439,1
86574,0
14837,1
27760,1
23644,1
459894,0
84216,0
72694,1
314753,0
122761,0
238254,0
86586,1
73064,1
57181,0
11981,0
39986,1
35333,1
68226,1
226006,1
91328,0
50595,1
35916,0
53407,0
33157,1
189,1
46558,1
36835,0
56466,0
42537,1
122531,0
21128,0
49165,0
14047,1
8376,0
46721,1
1717,0
46292,0
168405,0
36563,1
40654,1
78828,1
14002,0
37411,1
70710,1
178213,0
464976,0
31735,1
30945,1
19508,1
80204,1
27969,0
24123,0
26839,1
81008,0
10361,1
46827,1
37734,1
33107,1
24686,0
53905,1
101821,0
70715,0
138364,1
216980,1
28817,1
33373,1
45332,1
48196,1
265199,1
65713,1
174092,0
41843,1
10207,1
125461,0
11771,0
363,1
288816,1
32933,1
39300,0
21440,0
91710,0
70338,1
25275,1
20302,1
71135,0
390632,0
59352,1
4398,1
59958,1
41627,1
73382,0
23705,1
69965,0
26948,0
43800,0
79488,1
190564,0
78240,0
37185,1
31849,0
99259,0
31198,0
15583,1
71736,1
23543,1
34869,0
325119,0
66241,1
119151,0
30060,1
32459,0
33395,0
86739,1
26599,1
6588,1
85070,1
206986,1
219921,1
63892,0
29375,1
46688,1
185163,0
35123,0
36990,1
24866,0
60607,0
44676,0
81785,0
109310,0
119795,0
425161,0
67868,1
79125,0
466261,0
86582,1
77422,1
71972,1
50869,0
42708,1
184997,0
77239,0
73052,1
20049,0
79127,1
59641,0
66744,1
71037,1
39154,1
52858,1
21329,1
72762,1
46517,0
27879,1
103888,0
124515,0
140201,0
74006,0
42765,1
82483,1
181174,1
67173,1
75846,1
3864,1
19677,1
150386,1
13657,0
20734,1
95087,0
19448,1
51680,0
433847,0
30683,1
222383,1
29397,1
57200,0
207275,1
145278,0
48239,0
67330,0
22078,1
398806,0
37173,0
36675,0
81649,0
30042,1
54381,1
59920,0
7506,0
183746,1
46767,1
93896,0
50102,1
48228,0
36589,0
49015,1
54993,0
116256,0
69737,0
206598,1
210231,1
11132,0
106354,0
46119,0
72840,0
7864,0
99919,1
165702,1
218012,0
65171,0
32081,0
309926,0
58672,1
261031,0
22592,1
21255,1
82725,1
14945,0
41993,0
53005,0
44622,0
16262,0
192390,1
235,1
455,0
15946,1
147207,1
54691,0
28289,0
99870,0
373251,0
54981,1
256815,1
147595,1
50413,0
25053,0
71529,1
84262,0
3089,0
73110,1
35926,1
13650,0
33852,1
145818,0
10026,1
119247,0
55969,1
24116,1
46331,1
211201,1
56461,0
413582,0
72462,1
52126,1
218045,0
13980,0
35035,1
57061,0
78210,0
25578,1
25011,1
59018,1
21320,1
93844,0
60136,1
54605,1
66943,0
103745,0
416514,0
38589,0
218862,1
19129,0
167331,1
26230,1
47283,1
15493,1
2559,1
21648,1
83750,1
162222,0
17928,1
84915,0
75793,1
68234,0
46354,0
26663,1
24833,1
129379,0
229313,1
460314,0
82346,1
84824,1
22515,1
31244,1
406707,0
272786,0
170667,1
248902,0
41408,1
4534,1
19254,0
79073,0
141958,1
36657,0
30863,1
82435,1
45601,1
201173,0
35217,1
91053,0
20374,1
83539,0
22074,0
20511,1
82191,0
15743,1
23636,0
43570,0
25313,1
5894,1
34325,1
6647,1
196855,1
39498,1
31067,1
23746,1
270329,1
26397,0
175606,0
68878,0
18614,1
172363,1
10924,0
4541,1
207019,1
74176,1
17998,1
110118,0
228406,0
470522,0
12260,0
71936,1
49111,0
8174,0
237263,1
24499,1
32021,0
11337,1
60797,1
7575,1
84749,1
37931,1
196004,1
7445,1
163808,1
19436,1
96159,0
16943,0
51429,1
120530,1
85365,1
49219,0
9800,1
68541,0
47929,0
34026,0
162965,1
52127,0
20118,1
35108,0
136802,1
121705,0
2886,1
70517,1
216729,1
86175,0
191497,1
20703,0
59814,0
48002,0
45995,1
31534,1
132966,0
21337,0
108333,0
76311,1
44889,1
1029,1
31248,1
37144,0
59970,0
6154,0
65970,1
39308,1
74676,1
60913,0
8390,1
39525,0
175027,1
42144,1
43459,1
70865,0
179096,1
21768,1
5823,0
178438,0
24132,1
210362,1
50100,0
5978,0
24790,0
19915,0
116580,0
47426,1
97559,0
251460,0
13058,0
67321,1
13672,1
173941,1
126579,1
1688,0
7952,1
65244,1
44509,0
93412,0
56492,0
60721,0
44025,1
23513,0
108801,0
30568,1
71890,0
30292,1
21872,1
25868,0
36824,0
87177,1
14871,1
28550,1
43545,1
18470,0
68488,0
19955,1
86556,0
57397,1
256675,1
94860,0
473988,0
34593,1
23869,1
45546,1
58200,1
32014,0
78284,0
60775,1
49156,0
84359,0
186377,0
227351,1
100347,0
37043,1
196894,1
22933,1
204032,1
94988,0
15361,1
100066,0
153933,0
19959,0
19040,1
38564,1
169474,0
138587,0
178686,1
9860,1
25116,0
57782,1
18064,0
41063,0
76011,1
224904,0
103539,0
50278,0
23914,1
44205,0
28344,1
5411,1
65689,0
173357,1
29449,1
154649,1
79160,0
1143,0
73366,0
79752,1
50857,0
32125,1
60360,0
27514,1
26615,1
62000,0
247229,0
18565,1
247381,0
86634,1
26651,1
22839,1
117490,0
1589,1
41738,0
80947,0
19809,0
232885,1
43562,0
338308,0
53254,1
89684,0
24316,1
13301,0
64652,1
3202,0
88421,1
19841,1
91953,1
59963,1
13996,1
62138,0
34083,0
8514,1
42372,1
25832,1
82674,1
71429,0
89886,0
63046,1
58949,0
70793,1
73019,1
169345,0
94144,0
72181,0
95793,0
40579,1
101675,1
17898,0
72779,0
97316,0
45299,0
74667,1
35986,1
170693,0
71309,0
9350,0
53619,1
118932,0
28120,0
41299,1
85917,0
223950,0
72324,0
58562,1
406611,0
18111,0
216657,1
9349,0
23361,0
236220,0
31781,0
86064,1
211474,1
32469,0
376843,0
33670,1
129205,0
22112,1
145337,0
171389,0
42195,0
60991,0
28195,0
267199,0
28529,0
197825,1
24824,1
49420,1
11685,0
16997,0
38823,1
20756,1
18263,1
192979,1
31606,1
82997,0
81480,0
2404,1
40375,0
408002,0
144270,0
66195,1
36746,1
40494,0
36511,1
193103,1
73874,1
43676,1
34229,0
21731,1
22384,1
13995,0
255719,1
75077,0
113637,0
114140,0
157288,0
24778,0
4816,0
31135,0
196085,1
72637,1
123718,0
71200,1
184783,0
38172,1
86948,1
64067,0
52477,0
232779,1
53452,1
236398,0
44398,0
101083,0
53213,1
2331,1
39497,1
64162,1
15715,1
18585,1
38206,1
36227,1
151463,1
37534,0
27762,1
227760,1
22165,0
39690,0
120302,0
46742,1
10560,0
50943,0
5893,1
70890,0
84493,1
36057,1
60088,1
124915,0
236592,1
57466,1
12997,0
33578,0
45685,1
25315,0
85742,0
41024,1
113138,1
71043,0
15040,1
36496,1
23156,1
103724,0
57288,1
40609,0
41032,1
219041,1
13951,0
161569,1
67221,0
43773,1
74544,1
11361,1
32010,0
10900,1
22215,1
269471,0
10641,0
156092,1
31377,1
62918,0
33477,0
57121,1
113072,0
30392,1
126165,0
190487,1
117371,0
95517,0
36244,0
427176,0
360955,0
35863,0
184536,1
92263,0
25955,1
228725,1
90348,0
14384,0
37234,0
30090,1
205679,1
37576,1
66666,0
81951,1
31179,1
64061,0
6769,0
414297,0
288956,1
119210,0
32205,1
36134,0
53882,0
37779,0
108495,0
126014,0
75933,0
4791,1
26661,0
97139,0
66252,0
81505,1
26886,1
31709,1
31043,1
18818,1
19220,1
56248,1
367283,0
62936,0
74508,1
14258,0
1161,0
72320,0
50160,0
131365,0
179058,0
43878,0
61396,1
22083,1
110213,0
36047,1
76138,0
77616,0
16158,1
74875,0
27194,0
234391,1
14342,0
76072,1
20214,0
88809,0
216144,1
322337,0
40456,1
66117,0
61390,0
389876,0
451,0
3580,0
79889,0
28091,0
19534,1
215816,1
55732,0
88606,1
124346,0
81158,0
46725,1
73942,1
25551,1
97750,0
142411,0
41604,0
38847,1
38506,1
33693,0
30073,0
24865,1
174840,0
105068,1
136540,0
35674,1
249,1
86294,1
213278,0
41208,0
118787,0
26935,1
89140,0
64057,1
44067,0
18299,1
67515,1
2807,1
16341,1
199103,0
48154,1
18011,1
52914,0
36032,0
13966,1
24514,1
86130,0
426957,0
53354,1
44119,1
27725,0
119877,0
9110,1
17408,0
44466,0
236672,1
38023,1
22757,0
13597,0
65879,0
198700,0
36906,1
36671,0
37555,1
5075,0
153511,1
37309,1
30634,1
46444,1
62950,0
229362,1
229855,0
49803,1
36667,1
210469,0
128810,0
47670,1
160499,1
37380,1
31931,1
32255,0
72246,0
11496,0
57219,1
33293,0
29358,1
277766,1
55689,0
214328,1
41170,0
673,0
54473,1
184152,1
31496,0
66625,1
33656,1
305189,0
81048,0
34137,0
18155,1
38691,0
77315,1
221631,0
21775,1
45769,0
68134,0
18391,0
101438,1
248328,1
251695,0
52230,0
251667,0
152217,0
202584,1
63163,0
10955,1
78825,0
53201,1
66479,1
80680,1
12768,1
66323,1
87602,0
58408,1
86653,1
5169,0
20070,0
57620,0
23013,0
52481,1
46461,0
38932,1
88651,0
11402,0
84061,1
61248,0
46663,1
78019,1
9817,1
99390,0
22311,1
152931,1
20462,0
64428,1
40633,1
56034,0
105150,1
133142,0
36914,1
30463,1
1736,1
125791,0
61492,1
155100,0
121983,0
40327,1
12357,0
144808,0
53036,0
45145,0
68460,1
219301,0
120171,1
80582,0
34924,1
22044,1
26808,1
20675,0
40179,1
39226,1
46366,0
25771,1
133579,0
35655,1
37932,1
47037,0
36550,0
43900,0
34679,1
40079,1
153435,1
128508,0
52985,1
12660,0
128941,0
83419,1
238609,1
75049,0
136770,0
9561,0
152692,1
24015,1
77226,1
60416,1
46078,0
54276,0
43668,1
13517,1
24393,0
122840,0
223668,0
203543,1
16850,1
148042,0
40351,1
30250,1
1989,1
413271,0
63804,0
75795,1
141212,1
30340,1
28933,0
75823,1
84641,0
76307,1
21771,0
61155,0
142658,0
31924,0
39814,0
20904,0
5543,1
118905,1
38563,0
96951,0
147142,1
45386,1
286828,1
29792,0
7368,1
437544,0
170859,0
145275,0
47071,0
43872,0
19310,1
35369,1
284835,1
85986,1
46513,1
47595,0
14864,0
1557,1
79390,1
222699,1
88495,0
6261,0
78201,1
31473,0
41542,0
48607,1
313270,0
4873,0
64373,1
45355,1
28645,1
16275,1
223348,1
47178,1
45051,1
104354,0
90110,0
62509,1
23531,1
55477,0
62189,1
41985,1
29134,1
185495,1
203820,1
205691,0
9473,1
68445,0
57490,1
67351,1
80469,1
79056,1
52709,0
12676,0
39042,0
39656,1
123673,0
194821,1
206195,1
35998,1
40,1
65937,1
28602,1
53012,0
85141,1
86540,0
43853,1
2975,1
227790,1
73920,1
40180,0
33495,1
125304,0
141466,0
206579,1
4636,1
10486,0
109081,0
46142,0
174220,1
56682,0
249912,1
17255,1
41068,1
7474,0
1296,1
213327,1
334535,0
17310,1
88323,0
1405,0
205897,1
53981,1
55551,1
45762,1
67011,1
51884,1
28516,1
89149,0
287461,1
4576,0
18225,1
103666,0
6621,0
60080,1
71418,0
99439,0
31208,0
49444,0
28187,1
85032,1
60714,0
61776,1
110043,0
36372,1
87136,1
29545,1
82937,1
91018,0
54488,0
8322,0
240528,0
83764,0
59373,0
7322,1
25175,1
38640,1
40666,1
45885,0
106747,0
125828,0
25633,0
5094,1
883,0
471322,0
84690,1
33431,0
67492,1
87018,0
41735,0
1496,1
25932,1
90838,0
73795,0
34314,0
94766,0
145442,1
43921,1
63619,0
23989,1
64994,1
209087,1
24523,0
23139,0
28532,1
29292,0
13526,0
55055,1
111844,0
26930,0
83752,1
66139,1
11450,1
436486,0
88453,0
32380,1
168578,1
42417,1
38961,1
178510,1
32604,1
13022,0
229531,1
44010,0
264859,0
44174,1
30018,1
40346,1
212621,1
24092,1
95854,1
84315,1
69327,0
19422,0
13189,0
121427,0
1979,1
22120,1
72421,1
228630,0
206486,1
34173,0
429430,0
23631,0
57985,1
39107,0
29400,1
35117,1
94196,0
7826,1
220270,1
78290,1
36985,1
51055,0
76445,0
4926,1
47091,1
66543,0
59146,1
57617,0
32659,1
35859,1
42808,1
73158,0
42349,1
136832,0
228814,0
114662,0
41757,1
101253,0
21456,1
53771,1
38878,1
63740,1
137250,1
116716,0
182687,1
75143,1
2758,0
69458,1
75235,0
116566,0
31436,0
50827,0
36362,1
29162,1
197838,1
42505,0
14872,0
19896,1
109114,0
417055,0
47730,0
84570,0
14785,1
198609,1
42653,1
79618,1
225204,0
8993,0
28998,1
59267,1
8141,1
41957,1
54156,1
109363,0
4783,0
26166,1
954,1
7211,0
113455,0
55431,0
67437,1
3329,0
100848,0
41317,1
19483,0
31476,0
412180,0
74025,0
82976,0
176267,1
93503,1
29000,1
121087,0
112150,0
56598,0
66972,0
57761,0
46876,0
81305,0
59161,0
109550,0
31000,0
40121,1
257832,1
81707,0
262261,0
39490,1
54241,0
24187,1
201964,0
1751,1
265807,1
39164,0
15718,0
39137,0
51444,1
20799,1
85601,1
88048,0
12003,0
51327,0
246383,0
896,1
171067,0
302204,0
80253,0
54990,1
77178,1
9623,0
13248,1
12673,1
81488,0
14793,0
36359,1
3097,1
123356,0
40862,0
33493,1
34084,0
55966,0
44971,1
107275,0
82581,0
94702,0
18771,0
256597,0
33163,1
98947,0
208994,1
158534,0
22443,0
8606,1
63614,1
5331,1
74266,1
101203,1
14518,1
85689,1
45018,1
38777,0
24011,0
467456,0
243638,0
41174,1
13544,1
11644,0
16894,0
7286,1
13056,1
72496,0
35343,1
17400,0
77393,0
163525,1
23051,1
45282,0
219785,1
49665,0
1487,1
73490,0
11179,0
338804,0
28332,1
84167,0
31455,1
224685,0
14548,1
267306,1
186199,1
53062,1
58084,1
83063,1
7209,1
81812,1
40953,1
374456,0
29191,0
50867,1
52352,1
49825,1
64418,1
79148,1
50591,0
228929,1
64960,0
161024,1
19268,1
52333,0
23777,1
63524,1
34028,0
116306,0
107125,1
116812,1
48773,0
70255,0
62513,1
65960,0
38489,1
160945,1
83263,1
79513,1
14133,0
1687,1
16474,0
121010,0
42688,0
15671,1
108156,0
135256,0
34185,0
55718,1
68551,1
2425,0
28854,0
270670,1
117701,0
35511,1
177069,1
118559,1
259735,0
22136,1
74591,1
2641,1
32989,1
58623,0
26654,1
39866,0
207051,0
180,0
49145,1
39223,0
16686,0
25801,1
58901,1
61083,0
117712,0
10343,0
25237,1
178855,1
105213,0
5097,1
58923,0
237326,1
8418,1
122903,0
1578,1
18142,0
37345,1
9407,1
35569,1
238191,1
88082,0
80496,0
76863,1
39598,1
19847,1
36043,1
98486,0
21171,1
47247,0
6507,1
17361,1
39958,1
20224,1
70173,0
55146,0
23153,0
31640,1
80128,0
86400,0
4417,1
66353,0
87372,1
48147,1
70546,0
216428,1
52439,0
111948,0
18601,1
116303,0
203949,0
112008,0
50327,0
341694,0
6428,0
22336,1
141489,0
58204,0
24711,0
45437,0
34422,1
68098,1
75897,1
75839,1
23522,1
56294,1
1621,1
60192,1
15142,1
49292,0
16410,0
33926,1
64495,0
96989,0
70712,1
398502,0
25992,0
7258,1
29933,1
84049,1
97173,0
143340,0
32613,1
27689,1
55107,0
206887,0
58095,1
82812,1
203969,0
28304,0
30640,0
24830,0
45483,1
62559,0
72118,1
407407,0
69092,1
4486,0
14143,1
189410,1
27824,1
105777,0
3885,1
74162,0
15501,0
219660,1
111905,0
74340,0
44090,1
40034,0
42804,0
67640,1
224946,1
18544,1
89799,0
24582,1
115246,0
69198,0
34479,0
88494,1
39078,1
30531,0
139570,0
30070,1
84073,1
34639,0
22579,1
7094,0
149899,1
52471,1
47134,0
38254,0
60838,1
46896,1
183427,1
6416,0
66485,0
19183,0
84673,1
30208,1
97015,0
237428,1
1571,1
72986,1
11709,1
62011,0
29828,1
34824,0
34941,1
32155,0
146649,0
35709,0
40704,1
48669,0
99032,0
262472,0
17573,1
49210,1
38322,1
43851,1
75496,1
187311,0
29910,1
94765,0
80048,0
55914,1
181606,1
75949,0
31443,0
125859,0
16434,1
12257,0
276563,1
167599,1
88511,0
19202,1
69894,0
50965,0
88007,0
84960,0
49378,1
155651,1
73592,0
19175,1
82075,0
74750,0
22043,1
45055,1
86689,0
63158,1
10144,1
54305,0
3803,1
26757,0
28232,0
148468,1
60077,0
77381,1
24568,1
46551,1
31429,0
25905,1
37791,1
33720,1
88181,1
70481,1
40504,1
20769,0
49137,0
19463,1
64772,0
52523,0
43121,0
138613,0
53009,0
84712,1
24905,1
16239,0
51973,0
70262,0
28200,1
118961,0
49905,0
23836,1
1903,1
123494,0
5881,0
319625,0
60478,0
25770,0
40919,1
139400,0
24346,1
81439,1
282210,1
28590,0
44737,0
54179,0
55901,0
53589,1
109633,0
25564,1
150640,1
9598,0
46574,1
116166,0
303037,0
24256,1
239895,1
37300,1
34101,1
126358,0
17324,0
80868,0
288567,0
205971,1
90746,0
130128,0
45417,1
44362,1
10774,1
35449,1
147295,1
83405,1
161686,1
67891,1
22225,1
6966,1
24510,0
50555,0
37673,0
34748,0
225319,0
134962,0
27377,0
44237,1
140629,0
270578,1
28170,1
50786,0
32427,0
20232,0
43713,0
471408,0
6400,1
61039,1
22184,0
50775,0
1809,1
30440,1
110786,0
94558,0
25389,1
63079,0
60295,0
87542,1
56499,0
62428,0
26281,1
75263,1
64071,1
171583,1
373035,0
27101,1
36639,1
23895,1
57201,0
232057,0
39961,1
20405,1
128855,1
49104,1
18942,1
473108,0
30447,0
44751,0
19649,0
221097,0
29289,1
75048,1
29893,1
59004,1
24536,1
20469,0
78834,1
86622,0
23081,1
27536,1
45607,1
82077,0
225867,1
92616,0
76906,1
9345,1
43485,0
68664,1
180110,1
132188,1
77836,0
38110,1
6010,0
66958,1
59625,0
239971,0
45893,1
1743,1
130525,0
46928,0
65207,1
6767,1
222900,1
37256,1
429631,0
65717,1
26285,1
118108,0
43291,1
29017,1
17462,1
155139,1
31928,0
23898,1
2198,1
365509,0
193476,1
28740,1
352718,0
23552,0
38967,1
22173,1
52891,1
29789,0
8165,0
88108,1
83549,1
182978,1
77694,0
79820,1
16909,0
83178,1
18993,1
49812,1
57565,1
82670,1
34118,1
29991,1
22794,0
86191,0
315609,0
74132,1
49599,1
14111,1
111118,0
107052,0
53761,0
61673,1
31574,1
191884,0
20353,1
63058,1
102843,0
11098,0
26138,0
18735,1
122010,0
15912,0
105118,0
12485,1
82229,1
51546,1
20770,1
59515,1
13459,0
249582,1
226356,0
130399,1
52889,0
52673,1
20052,0
30649,1
71025,0
24357,0
51114,0
15815,1
79746,1
60320,1
31510,1
88668,1
412620,0
25680,1
27706,1
12558,1
6744,0
217655,1
142278,0
220250,1
53435,0
4416,0
40969,0
468869,0
31783,0
195252,0
55538,1
47861,0
55304,0
9518,0
40897,0
42594,1
94342,0
4186,0
128836,0
92764,0
224702,0
4776,1
11399,1
29438,0
373138,0
58184,0
28955,1
66489,0
42706,0
244846,0
26806,1
46405,1
83241,1
220425,1
68947,0
44911,0
66906,0
89040,0
23546,0
2197,1
45307,0
39259,0
67740,1
118137,0
80038,1
166232,0
47006,1
113521,1
78612,0
39576,1
47600,1
13039,1
15674,1
4630,1
150050,0
75726,0
11616,0
8363,1
2279,0
12826,1
16647,1
49886,1
196013,1
470940,0
84261,0
15327,1
33488,1
67150,1
46203,1
62847,1
64093,0
35084,0
406119,0
127113,1
84958,1
277226,1
62732,1
48651,1
96381,0
18803,1
27727,1
45987,0
71653,0
423198,0
46361,0
313463,0
14101,0
86225,1
457244,0
74193,1
91805,0
36356,1
66418,1
37741,1
285472,1
36812,1
47896,1
41570,0
195698,1
20748,1
35975,1
183331,1
54107,1
26958,0
51787,1
64516,1
72568,1
53934,0
86156,1
86167,1
77276,1
6774,1
210887,1
37336,1
65777,1
207067,1
54163,0
6706,0
111817,0
147648,1
67262,1
23663,1
121939,0
16406,0
17941,0
52494,1
36255,0
169729,1
6822,0
232239,1
137745,0
8619,1
24887,1
46305,1
21991,1
54613,0
10055,0
120851,1
104128,0
26752,1
43352,1
69948,0
7881,1
59857,0
19606,0
50410,0
125536,0
41642,1
37881,0
84746,0
11349,1
75764,1
253356,0
39538,1
28218,0
26818,1
214,0
29417,0
103051,0
2302,1
43992,1
39816,0
19383,1
85561,0
7132,1
21244,1
63850,0
28083,0
263010,0
54176,0
88252,1
74807,1
39374,0
42665,0
281312,0
24675,0
255241,1
3439,0
242017,1
61338,1
8921,1
63442,1
46591,0
71095,1
22174,1
34260,1
58223,0
53419,1
31116,1
227494,1
237914,1
55989,1
29200,1
211705,1
20689,0
48946,0
42240,1
34588,1
43059,0
34699,1
65089,0
172152,1
78539,1
109573,0
37005,0
38789,1
27152,1
100692,0
85787,1
40542,1
109345,1
21138,0
40937,1
15759,0
45994,0
12167,0
65276,0
203422,1
11870,1
78145,0
112012,0
252737,0
244152,1
206667,1
48416,0
79374,0
66461,1
224251,0
21784,1
71625,0
60176,1
405111,0
31675,1
93323,0
1624,0
80785,1
55235,0
95450,0
12545,1
8651,1
27471,1
111814,0
9202,1
21507,1
21057,1
90098,0
6530,1
51630,1
56725,0
41090,1
111825,0
205503,0
43995,1
29426,0
7731,1
17211,1
68169,0
68294,0
66825,0
123692,0
45127,1
85237,1
67691,1
3563,1
156024,1
19123,1
185146,0
36185,1
99031,0
90952,0
64483,0
414698,0
17146,1
33490,1
75548,0
3688,0
95949,0
22858,1
30275,0
198530,1
114664,0
30218,1
47148,1
4905,1
58286,1
223359,1
31862,1
26943,1
51469,0
119000,0
87458,0
27192,1
26995,1
72707,1
29371,0
7561,1
16254,1
65826,1
14762,1
63597,1
187367,1
67451,0
68783,1
33482,0
179490,0
37566,1
21638,0
99873,0
82126,1
8102,1
99020,0
238293,1
16535,1
135464,0
42540,1
4909,1
54676,1
23458,0
198696,0
117334,0
55494,1
247082,0
47335,1
55889,0
237323,0
31566,1
80547,0
54673,0
104864,0
45405,1
2457,1
31622,1
177804,1
29222,0
23995,0
22038,1
45559,1
64176,1
52859,0
7181,1
446006,0
36279,1
38779,1
51326,0
6872,1
60836,0
12874,0
65351,0
50755,1
150614,1
17770,1
424080,0
20395,0
5804,1
52592,0
12920,1
31363,1
19060,1
137137,0
68776,1
72597,1
24454,1
15359,0
55651,0
21180,0
34120,1
85378,1
48437,0
77509,1
70754,1
37959,1
50215,1
23871,1
84604,1
61393,0
67830,1
81228,0
41216,0
100625,0
106920,0
119589,0
199285,1
62837,1
50621,1
325410,0
25688,0
17049,0
79637,1
55115,1
20973,0
42793,1
283110,0
185648,1
29885,1
88597,1
82170,1
72240,0
49928,1
19572,0
51877,1
76537,0
255663,1
93978,0
42659,1
47191,1
75722,1
429524,0
17340,1
38409,0
2568,1
1003,0
19983,1
21607,0
41788,0
78356,1
360902,0
30890,0
19936,1
37387,1
122999,0
85406,1
32661,1
66753,0
401300,0
130444,0
83304,1
55549,0
61659,1
432952,0
47848,1
35275,1
440765,0
100835,0
450117,0
86129,0
75113,1
177335,1
44579,0
87788,0
204749,1
82548,1
20262,1
208478,1
63364,0
75101,1
88583,0
6025,0
35423,1
70797,1
47144,0
12483,1
48141,1
59431,0
12282,1
30872,0
30344,1
57793,1
70618,0
229519,1
7395,1
91569,0
64553,1
56079,1
28803,1
49606,0
33660,0
49922,0
32895,1
3285,0
126488,1
19708,0
363626,0
52717,0
2353,1
54252,1
31037,0
201305,0
74842,0
154887,1
24989,1
36559,1
14044,1
214124,1
105696,0
31791,1
41545,1
288947,1
38953,1
36253,1
48343,0
72460,0
53839,0
25701,1
70909,1
22001,0
120246,0
245116,0
84789,1
208173,0
12058,1
36821,0
73885,0
110383,0
15717,1
34976,0
42965,1
62387,1
77196,0
22622,1
100373,0
79779,1
465392,0
116850,0
78111,1
432066,0
189655,1
87330,0
33378,1
30384,0
13974,1
408443,0
96993,0
76085,1
64098,0
224343,1
61931,0
51790,1
95185,0
60118,1
136718,0
75364,1
79992,1
36252,1
17271,0
227986,1
46037,1
14855,0
92157,0
93629,0
27491,0
15179,1
88013,1
65332,1
26326,1
68166,1
120750,0
94262,0
28077,0
76840,0
9313,0
58492,0
207221,0
37615,1
23429,1
26350,0
237887,0
54939,1
143293,0
56399,0
35052,1
36933,0
17411,0
169689,1
75485,1
41010,1
298448,0
39684,0
28586,1
6473,1
56109,0
62866,1
29951,1
67014,1
10021,1
39762,0
48323,1
59896,0
106308,0
236255,1
75712,1
62874,0
84949,1
63484,1
761,1
21686,1
26694,1
19026,0
235214,1
78513,1
76313,0
18097,1
7496,0
72942,0
53594,1
62093,0
15888,0
5462,1
27692,1
41115,1
75719,1
29744,0
75611,1
182784,1
103835,0
35235,0
113199,0
66606,0
76912,0
36071,1
84317,1
85521,0
20341,1
113687,1
168683,0
25365,1
90979,0
203966,0
2133,1
27223,0
46955,1
1435,1
59919,0
95577,0
45431,0
102937,0
57269,1
226354,1
164944,1
37774,1
7530,1
188283,1
24519,1
41520,0
195350,1
436935,0
98670,0
203060,1
127121,0
54120,1
53914,0
79259,1
10172,1
83871,1
103765,0
144689,1
108517,1
55962,0
31250,1
65706,1
245414,1
221794,1
43671,0
121997,0
56680,0
31722,0
78860,1
245256,1
33640,1
31910,1
21463,1
31271,1
27793,1
85580,0
114131,0
42572,1
50687,0
15588,0
49363,0
34081,0
51619,0
19261,1
185,0
33019,1
44824,0
134690,1
76571,1
69176,0
126372,0
231292,1
59600,0
870,1
72310,1
86729,1
72980,1
41596,0
76137,0
452972,0
183612,1
215601,1
20222,1
138636,1
90344,1
58770,1
51188,1
57698,0
25981,1
93727,0
26012,0
175359,1
187781,1
8718,1
36605,1
50579,1
79747,0
43110,1
32662,1
198372,1
222112,1
92265,0
12352,1
40741,1
29879,1
238794,1
32337,0
75916,1
39346,0
15432,1
164599,1
41516,0
18912,0
36272,0
52787,0
154156,1
37003,1
107391,0
26143,0
63968,0
27586,1
123190,0
47750,1
36145,1
40776,0
291786,0
7978,1
56577,1
23918,1
54009,1
16816,0
85982,0
40095,1
203213,1
89817,0
82341,0
27844,0
67167,1
50675,0
40852,1
52522,1
65506,1
23344,1
29526,0
213643,1
48508,0
33593,1
140434,1
92860,0
11836,0
2492,1
99416,0
98759,0
31144,1
374522,0
32521,1
38653,0
260969,0
46722,0
31042,1
37312,1
69690,0
95934,1
31677,1
92385,0
39755,0
41144,0
218632,1
39564,0
9073,1
74237,1
47127,1
28932,1
63363,0
39380,1
77362,0
238580,0
215649,1
60918,1
33976,0
36538,1
199195,0
20161,1
42243,0
11721,1
35837,1
60364,1
19870,1
42862,0
21616,0
60768,1
57861,1
91127,0
104347,0
838,0
49040,0
31130,0
94602,0
2148,0
8769,1
16229,1
59286,0
2338,0
10184,0
68732,1
42245,0
66072,0
43290,0
86063,1
76206,0
51741,0
78884,1
52674,0
3008,1
151614,0
86930,0
14954,1
37423,1
83801,1
67782,1
97082,0
24826,1
233689,0
57835,0
29957,1
23801,1
38445,1
57646,1
42279,1
79493,0
50108,1
98891,0
44517,0
1001,0
29427,1
29601,0
311594,0
39732,1
466128,0
93919,0
31225,0
8051,0
244148,1
182146,1
61633,0
275689,1
42667,0
369,0
72586,1
5872,1
46016,1
191856,0
129838,0
196906,0
2765,0
36895,1
66280,0
595,1
19692,1
43533,0
102207,0
8314,1
46865,1
396071,0
21121,1
41624,1
81922,1
89430,1
18509,1
80967,1
43696,0
32786,0
61315,1
82934,1
29797,1
37388,0
230146,1
69755,0
7170,1
202686,0
45802,1
111989,1
87759,0
88278,0
70325,0
138527,0
126055,0
80303,0
120734,0
123676,0
9436,1
73268,0
33081,0
35056,0
31140,0
1509,1
98062,0
123584,0
217252,1
30456,1
181155,0
109321,1
251299,1
50494,1
49201,1
198937,0
50006,0
2056,1
428232,0
13937,1
29981,0
44094,1
76337,0
18882,1
74386,1
323,0
127499,1
15123,1
32108,0
57355,0
1900,0
160310,1
117042,1
24104,1
31483,1
20927,1
48903,0
52338,0
100363,0
129769,0
8487,1
67168,1
37604,0
468612,0
16204,1
77835,1
156151,1
255432,0
22288,1
93599,0
10678,0
9266,1
39364,0
8395,1
73844,1
9462,1
36370,1
233930,1
34080,1
106132,0
23028,0
123263,0
5775,0
56074,0
48571,0
94042,0
36293,0
13216,0
227609,0
26343,1
44060,0
41434,1
56372,1
79306,1
79487,1
64754,1
33953,0
413025,0
160496,0
12654,1
188704,1
45118,1
196011,1
10379,0
101225,0
635,1
37096,1
49288,0
56907,0
418667,0
56588,0
55694,1
113599,0
57497,0
57203,0
63956,1
7685,1
4672,1
77595,0
248891,0
28005,1
32407,1
45753,0
62845,0
31629,1
96047,1
100722,0
42557,1
249150,1
24915,1
58742,0
36849,1
66570,1
175276,0
95856,0
45337,1
85537,0
4952,1
44522,0
8171,0
36371,1
2680,1
57097,0
22394,1
16674,1
7065,1
286365,0
38313,0
90970,0
26272,1
158855,1
10606,0
72230,1
45358,0
68331,1
65625,1
15798,1
170371,1
66934,0
2664,1
457624,0
79758,1
79347,0
71044,1
27669,0
165102,1
27542,1
46329,0
4483,1
664,1
181698,1
20961,1
66741,1
72237,1
156135,0
71040,1
117525,0
62312,0
36250,1
115737,0
31474,1
124918,0
27602,1
15469,1
14386,1
93353,0
71118,1
42024,0
72451,1
185681,1
47798,1
2012,0
25907,1
38190,0
69513,0
142281,0
93151,0
24151,0
52860,0
41047,0
441061,0
37537,1
67890,1
19502,1
209319,0
22870,1
95883,0
14290,1
72004,1
80935,0
221342,0
81515,1
83753,1
36590,0
58328,0
62051,1
118287,0
78146,1
22000,1
55580,0
42216,1
279611,1
26890,1
53031,0
31454,0
234627,0
87804,1
14242,0
41175,1
29944,1
73852,1
33050,0
54180,0
55817,0
81020,1
73448,1
42555,1
182883,1
14522,1
83573,0
26683,1
87051,0
42332,1
43430,1
111408,0
119271,0
10188,1
49571,1
56805,0
50323,1
336,0
262257,0
153259,0
1131,1
29913,1
35224,1
253913,1
15440,1
19687,1
13542,0
16711,0
26526,0
82233,1
27232,0
16353,0
92432,0
181999,0
174788,0
120907,0
184880,1
125807,0
20127,1
53309,0
58332,1
370497,0
47980,0
44887,1
43556,1
15631,0
278025,1
3784,0
206,0
10737,0
56703,0
59116,1
2453,1
53180,0
48218,0
162871,1
19390,1
100322,0
18030,0
182986,0
154068,1
29772,1
60037,1
23495,0
47241,1
235241,0
346740,0
256208,1
53402,1
97645,0
34791,1
4006,1
72528,0
2496,0
127718,0
76917,1
40760,1
21483,1
136948,0
86851,0
56321,0
76392,0
88878,0
434230,0
18836,0
19023,0
36487,1
49496,0
326890,0
231374,1
46350,1
123506,0
76780,1
75641,1
34033,1
49089,0
5960,0
5756,1
23655,1
63837,0
71343,1
40558,1
78790,1
52354,1
31073,1
114373,0
446706,0
38625,1
64935,1
12828,0
13201,1
183022,1
57308,0
13494,1
51431,1
14374,1
38784,1
24528,0
194948,1
34214,0
48427,1
18850,1
231718,0
403573,0
39235,1
44446,1
150503,1
124002,0
11690,0
17428,0
226434,0
43711,0
98694,0
238962,1
13439,1
27350,1
71499,0
23466,1
57705,1
169839,0
8903,1
17061,1
64647,0
190115,1
41740,0
38122,1
75748,0
82495,0
72359,0
11326,1
99468,0
212950,1
10599,1
34065,0
65139,1
48165,0
32175,1
3397,1
43333,1
49169,0
136291,0
38584,1
34334,1
182502,1
86681,1
112985,0
10445,1
28722,1
42489,0
38252,1
23116,0
29097,0
216352,1
74211,0
36680,1
40035,1
9100,1
48559,1
23213,1
1245,1
25686,1
12253,1
52492,1
69291,1
45830,1
10420,0
21670,0
81698,0
66317,1
77125,0
93457,0
61919,1
2575,0
22293,1
25720,1
58217,0
58462,0
218320,1
78619,0
78926,1
136698,0
47533,0
72014,1
29192,1
9299,0
24226,0
4603,1
31452,1
3917,1
4658,0
3410,1
74419,0
47481,0
47958,1
73180,0
36877,0
38819,1
82806,1
46260,0
22644,0
77897,0
78723,0
9385,1
75983,1
42746,0
110615,0
204335,0
117376,1
54896,1
61557,0
6699,1
33658,1
35194,0
39509,1
77853,1
107064,1
66304,1
72741,0
21028,0
44216,1
212198,0
470054,0
6493,1
30378,1
83834,0
48263,1
285007,0
140510,0
180820,0
119253,0
97741,0
72248,0
63485,0
157099,1
22107,1
51957,1
142328,0
12119,1
75503,0
5950,1
75737,0
46768,0
82316,1
299654,0
428752,0
60454,1
42067,1
133792,0
89508,0
9391,1
353453,0
59307,1
350173,0
67193,0
15242,1
220170,1
74469,0
203526,0
116767,0
53935,1
83449,1
6133,1
28801,1
79090,0
136818,1
69355,1
171291,0
23143,1
216305,1
172208,0
41861,0
25865,0
27160,1
130466,0
141231,0
336055,0
35721,1
95438,0
159193,1
259120,0
167371,0
44230,1
21501,0
25515,1
45722,1
24710,1
193075,1
374526,0
26103,1
66878,1
4286,1
55441,1
5792,1
136654,1
25050,1
27486,1
37197,0
131274,1
20547,0
53567,1
70650,1
32283,0
43703,1
65218,0
4083,0
61513,1
52788,1
85417,0
82473,1
24773,1
382307,0
42974,0
37083,1
17869,0
86631,0
200312,1
16768,0
23046,1
237398,1
113419,0
29822,0
3053,1
67001,0
206030,1
44687,0
26613,1
61353,0
66797,1
40508,1
392,0
72961,1
43241,1
122417,0
40975,1
11639,1
125846,0
23692,1
6404,1
96151,0
118953,0
26063,0
24699,1
41585,1
179125,0
87601,1
48871,0
45541,1
25318,0
116112,1
57470,1
49602,1
224356,1
87264,0
66395,0
90957,0
43338,0
411313,0
26659,0
126992,0
206516,1
19749,0
75348,0
35772,1
50795,0
13488,0
195744,1
69490,0
81634,0
76638,1
7918,1
30929,1
36368,1
39299,1
66913,0
44546,1
396,0
79571,1
83883,1
79427,1
2863,1
30822,0
32879,1
49579,1
71204,1
23965,1
422159,0
369195,0
80308,0
30276,1
86174,1
32221,1
71604,0
27525,1
604,1
103247,0
80950,1
82741,0
36731,1
25183,0
181752,1
22899,1
32558,1
43255,0
64886,1
6006,0
242549,0
130121,0
73149,1
45506,1
70566,0
58865,1
55103,1
76125,1
19721,0
12284,1
215250,1
14697,1
34665,1
76359,0
50290,0
87676,1
58780,1
49948,1
11385,0
109510,0
25338,1
70686,1
15795,0
39891,0
42236,1
66705,0
26643,1
71138,1
66889,0
236004,0
35070,0
39123,0
1163,1
264159,0
60975,1
147245,0
41886,0
50716,0
8474,0
11099,0
21837,1
21658,1
266146,1
117291,0
15589,1
44550,1
29771,0
102500,0
62072,0
73532,1
70824,0
226516,1
23146,1
24406,0
34675,0
57564,0
58987,1
96430,0
77224,1
13245,0
32754,1
76109,1
90454,0
56424,1
43950,0
72710,0
78227,1
69401,1
86073,0
4374,1
25768,1
6260,1
22153,1
2838,0
46475,0
26481,0
33116,1
37313,1
81670,1
67916,1
127051,0
79197,1
84436,1
56167,0
68260,1
47789,1
86313,1
4424,1
36138,0
85817,0
210889,1
19163,1
57489,0
31471,1
84173,1
25741,1
227713,1
31797,0
54475,0
46860,1
57852,1
7497,1
17230,0
76568,1
61539,1
42712,0
27774,0
29633,0
20078,0
34628,0
172697,1
47299,1
135741,0
445782,0
2705,1
44327,1
21178,0
33601,0
82349,0
61222,0
1269,1
387641,0
1595,1
37519,0
23511,0
48232,0
46889,0
76969,0
18318,0
99204,0
121656,0
24716,0
167067,1
109833,0
43288,1
64915,1
255680,1
77991,1
114040,0
39514,1
47649,0
95054,0
71173,0
42027,0
34437,0
63073,1
4624,1
57531,0
24460,1
51029,0
111746,0
106995,0
37551,0
19524,1
152351,1
34848,0
54450,1
49402,0
120480,0
130310,0
31617,1
72397,1
46808,1
162568,1
41127,1
53024,1
128843,1
31719,1
23333,1
78334,1
252576,1
16398,1
21553,0
27479,1
58326,0
81247,0
116760,0
78549,1
139074,0
114117,0
95626,0
108696,1
63703,0
64832,0
49647,0
237992,0
18184,0
118592,0
28101,1
89219,0
113198,0
431367,0
50263,1
5162,0
228317,1
60336,1
10945,1
208794,1
34808,1
34547,1
343442,0
49176,0
8078,1
2349,1
24070,0
187653,1
20011,1
16121,1
21634,0
228145,0
32579,0
31884,1
22406,1
51746,0
379432,0
93226,0
35575,0
21984,1
219017,1
57145,1
28473,0
128008,0
20886,1
20949,1
14154,0
44212,0
13553,0
10297,1
136998,1
100367,0
23877,1
42982,1
55010,0
87359,1
67692,1
5489,0
356198,0
13357,0
59000,1
5262,0
206045,0
102869,0
71749,1
190351,1
108319,0
48688,0
6042,1
39209,1
40436,1
52643,0
242955,0
124153,0
121972,1
55824,0
409365,0
4278,1
218215,0
100537,0
8550,1
234958,1
67598,0
62705,1
80636,0
85258,0
55358,0
85165,0
105143,0
79657,0
42244,1
145682,0
51250,1
126840,0
23565,0
31231,1
60846,1
443444,0
20005,1
21562,1
14902,0
82903,1
81053,1
172419,1
52179,1
17718,1
82157,1
7139,0
2265,1
223344,1
26994,1
473489,0
88105,0
56212,0
392038,0
58457,1
2280,1
63625,0
9034,0
36614,0
27060,1
60957,0
29867,1
47265,1
47829,1
206435,1
48151,1
36583,0
42728,0
30853,1
55846,1
4369,1
231480,1
34846,1
137866,0
210902,1
18779,1
116983,0
36741,0
44123,0
100633,0
24282,1
39207,1
79357,1
190594,1
36775,0
23924,1
99899,0
459476,0
55887,0
50726,1
163304,1
82859,0
91826,0
52642,0
44545,0
153669,1
27630,0
158376,1
32497,1
95495,0
45620,0
42534,0
55403,1
40757,0
16544,1
56994,1
54225,1
18180,1
2412,1
17406,0
18913,1
82284,1
187108,0
45538,0
81835,1
14273,0
59699,0
26462,1
37140,0
155450,1
201678,0
38611,1
21382,0
46194,1
210214,0
41206,1
255836,1
8344,0
66085,0
157544,0
392784,0
25024,0
1755,1
71704,0
40097,1
62527,1
230083,1
240535,0
212393,1
267,0
131346,0
23863,0
987,1
248830,0
88244,1
90242,0
1268,1
143716,0
31953,0
175465,1
37071,0
241882,0
56873,0
94065,0
64249,0
38713,0
7509,1
23369,1
49132,1
188676,1
87687,1
14507,1
11691,0
58090,0
23378,1
34817,1
36142,1
1147,1
105431,0
62095,1
54151,0
66228,0
116312,0
31859,0
4957,1
78389,1
162329,1
84900,1
55221,1
219753,1
49551,1
44995,0
10832,1
68314,1
73178,1
41335,1
18294,1
28161,0
47174,1
14911,1
20397,1
21309,0
223549,0
5247,0
125631,1
87824,0
154315,1
3337,0
29811,0
66463,1
321961,0
153097,1
13722,1
128563,0
118333,0
59186,1
470048,0
20359,0
90409,0
72744,1
297579,0
46501,0
80088,1
25292,1
83452,1
29105,1
209288,0
244146,1
67308,0
7498,1
41103,1
81893,1
24042,1
8971,0
58,1
120691,0
198945,0
419135,0
27407,1
371136,0
21211,1
196692,1
36211,1
23319,1
24561,1
72974,1
112231,1
45907,0
10036,1
96436,0
124197,0
68048,1
117908,0
60211,1
18736,0
6323,1
669,1
49223,1
28510,0
37410,0
87012,0
54469,0
71270,1
198779,0
21605,1
11199,1
82768,1
140569,0
7676,0
12430,0
57227,0
248825,0
66577,1
69951,1
35636,1
94770,0
69202,0
32991,0
78635,0
59797,1
25867,0
7936,0
158944,1
235365,1
98648,0
220754,1
26594,1
273999,1
86607,0
62054,0
58751,1
21425,0
56667,1
55955,1
45794,1
22454,1
10870,1
67776,1
195195,0
21311,1
133857,0
21628,0
46389,0
59708,0
30658,0
51230,1
192796,1
17983,1
20244,1
74791,1
34610,0
30196,0
83850,1
167393,0
182571,0
41275,1
24280,1
30506,0
183934,1
14350,1
84739,0
23539,1
42130,0
68514,1
80235,1
89123,0
26512,1
38996,0
451081,0
469,1
97531,0
12461,0
60477,1
182799,0
120862,0
68699,1
15586,0
27947,1
12094,0
40924,1
58299,0
174027,1
185706,1
122493,1
84410,0
79154,1
22449,0
86223,0
16268,1
46747,1
265186,0
25335,1
173520,1
79161,0
64216,1
8909,0
19700,1
205395,1
72722,1
4979,1
95018,0
32299,1
419918,0
7384,1
6904,0
53328,1
55151,1
111659,0
79006,1
58590,0
57812,1
19393,1
94839,0
3556,1
66826,1
96599,0
38977,1
14941,1
80115,0
26425,1
72161,0
64831,0
20372,1
198303,0
30885,1
37773,1
47430,0
33562,0
21765,0
123949,0
18739,1
25579,0
44851,0
48815,0
22334,1
37035,1
222622,1
11784,1
30103,0
212642,1
43081,0
55285,0
39349,0
200375,0
103232,0
51789,0
43054,0
41513,1
456979,0
103542,0
35546,1
17237,1
8631,1
13523,0
66704,1
109286,0
59208,1
50587,1
84221,0
49356,1
271998,0
22234,0
247438,0
234488,1
48379,1
53476,0
62702,1
20281,1
67387,1
46858,0
81152,0
230572,1
47669,1
53116,1
84047,1
26929,1
33494,1
190561,0
437429,0
46120,1
84017,0
55038,0
82509,1
11438,1
145418,0
332786,0
133627,0
35231,1
55320,0
74274,0
23054,1
34630,0
53587,1
142567,1
163463,0
181497,1
87069,1
25039,1
58890,1
46,0
48167,0
33987,1
73967,1
93526,0
62323,1
146890,1
60609,0
58256,0
238622,1
86847,0
184443,1
49784,0
60325,1
87361,1
34988,0
212447,0
66675,1
33515,0
82138,1
27433,1
123483,0
189860,1
48403,1
29861,1
313924,0
263152,1
47189,0
175966,0
409221,0
350500,0
60015,0
68624,0
121547,1
20379,1
85625,1
46881,1
64246,0
44953,1
211086,1
61000,0
16360,1
15928,1
25966,0
45047,1
5104,0
70837,0
111466,0
71387,1
78683,0
15985,0
43058,1
11310,0
291726,0
153354,1
181758,1
43522,1
73620,0
69507,1
16104,1
168492,1
72883,1
229030,1
14114,1
69097,1
123077,0
90765,0
76814,0
203800,0
77207,1
125474,0
15422,1
173546,0
50338,0
19638,1
11775,0
35512,0
66760,1
1333,1
153034,1
94484,0
30874,1
410640,0
69661,1
125767,0
87598,0
60805,0
43124,1
262105,1
21157,1
575,1
56836,0
10164,1
86900,1
25157,1
83945,1
59750,0
52748,1
37137,1
274494,1
77496,0
112791,0
32529,1
98952,0
188740,1
71708,0
16250,0
22010,0
46006,1
449901,0
233300,1
36015,0
37022,0
123578,0
198802,1
40131,0
116401,0
68866,0
58181,0
86297,1
127652,0
251993,1
12745,1
60277,1
69477,0
14419,1
6928,0
77279,1
27346,1
56540,1
62319,1
66623,0
79718,1
42846,0
88363,0
91809,0
14816,0
73171,0
15917,1
23754,1
11171,1
136750,0
63546,0
41946,1
92719,0
52819,0
80602,1
41907,1
163585,1
8589,0
32180,1
40037,0
66990,0
127929,0
27929,1
21004,1
68068,0
72424,1
202461,0
13075,1
71797,0
137537,1
24592,1
181286,0
85752,0
257294,0
165399,1
145254,0
266704,1
24196,0
54134,1
15392,1
18909,1
37829,1
19726,1
131426,0
12560,1
42844,1
26713,1
27731,1
39044,1
5794,0
53283,0
101003,0
97288,0
151583,0
7705,1
197538,1
47791,0
41938,1
40949,1
128673,0
34104,1
77002,1
467259,0
62215,1
79255,0
16856,1
14150,1
182653,1
54913,1
44786,0
35334,1
136248,0
78001,0
28885,0
113400,0
115342,0
51987,1
200353,1
13253,1
43772,1
48305,1
41017,1
28889,1
3067,0
38663,0
87810,0
26389,0
82209,0
192920,1
38695,1
52932,1
3591,0
45800,1
50696,0
58885,0
137821,0
29279,0
6929,0
184086,0
35841,1
43062,0
230565,1
14763,1
211541,0
22653,1
194129,0
212705,0
25637,0
77123,0
76949,1
30529,1
68088,1
9236,1
220621,0
38902,1
34134,1
21866,1
161405,1
46942,0
42056,1
411110,0
27155,1
143363,1
38517,0
167943,0
32078,1
247195,1
33164,1
29780,1
47716,1
286157,0
33271,1
20386,0
10648,0
57199,1
58958,1
254225,0
55158,0
90978,0
33338,1
68519,1
220268,0
41705,0
150405,0
42633,0
33730,1
245698,1
64533,0
93387,1
37102,0
223394,1
81236,1
16333,0
71563,1
221093,1
39114,1
48899,0
249006,1
25273,0
14904,1
75072,0
63339,1
58974,1
28895,0
73923,0
254914,1
34207,1
62443,1
84947,0
51763,1
28359,1
80706,1
14973,1
60559,0
31041,1
17707,0
69925,1
47517,1
392522,0
41722,0
63852,1
96404,1
62964,0
24083,1
32471,1
31554,1
22801,1
43859,0
42678,1
195060,0
9659,1
25917,1
2905,1
175030,1
26168,0
98316,0
121544,0
11321,1
374838,0
31475,1
61604,0
26352,1
30862,0
45789,1
23629,0
26765,0
67797,0
56510,0
251581,0
74155,0
58109,1
258825,1
75105,0
82026,0
13092,1
9212,1
97776,0
100100,0
20001,1
23368,1
58083,0
64792,0
89708,0
80669,1
43125,0
22498,1
33859,0
76693,1
56657,0
74248,0
169696,0
19330,0
31815,1
219424,1
168193,1
412544,0
85400,0
38532,1
126532,0
6849,0
226968,0
66790,0
7169,0
37247,1
6077,1
65473,0
27874,1
65196,0
77851,1
104448,0
43073,1
140748,1
55801,0
45098,0
71958,0
27320,0
32734,0
32857,0
201389,0
49960,0
26992,0
4585,1
219582,0
302658,0
19494,1
106066,1
43991,1
214314,1
113968,0
226642,1
54654,1
150043,0
51332,1
78110,1
57902,1
21066,0
334894,0
62843,1
143494,0
75310,0
11237,1
16511,0
119695,0
57233,0
100887,1
49399,1
4190,0
40916,1
433108,0
60210,1
85539,0
85202,1
194987,0
44525,1
160911,1
26769,1
53448,1
45403,1
73021,1
81357,1
65867,1
41841,1
16420,0
16962,0
53258,0
92044,0
20159,1
94901,0
44886,1
116677,0
54528,1
10220,0
84184,1
67759,0
6308,0
88210,1
210121,1
6442,1
40659,0
20166,1
99832,0
7482,1
29996,1
16671,0
64854,0
2580,0
55283,0
1980,1
87429,1
56249,1
36162,1
2367,1
50851,1
31755,1
25350,0
93606,1
50623,0
22238,1
164123,1
44584,1
29534,0
39575,0
107035,0
32856,1
71796,0
71017,1
92631,1
56514,1
45128,0
19395,1
90913,0
28351,1
38526,0
97794,0
39367,1
181539,1
40496,0
62945,1
28636,0
118902,0
81005,1
198187,1
28003,1
73653,0
30900,1
74532,1
48632,0
83595,0
48973,1
36268,1
139939,0
27663,0
77554,0
205350,0
56709,0
105470,0
219546,1
49220,0
92563,0
4670,1
303281,0
10590,0
26445,1
61858,1
138626,0
372941,0
110692,0
55849,0
40520,0
42440,1
70299,0
4018,1
14194,1
151030,1
81628,0
39294,1
219265,1
243483,1
23191,0
39631,1
144929,1
44981,0
199915,1
33553,0
82133,1
37024,1
51690,0
46274,0
44784,1
229102,0
243361,1
47601,1
68580,1
179099,1
68988,0
65211,0
22090,0
31008,1
63065,0
23076,1
49423,0
152816,0
209048,0
55255,0
88427,0
33314,1
516,1
57739,1
21256,0
106350,0
46063,1
74618,1
54700,0
83735,1
461688,0
89014,0
338929,0
46452,0
87557,0
58322,0
56772,1
200415,1
80731,1
23887,0
36690,0
147490,1
23984,0
6105,1
198467,0
149207,0
214899,1
54941,1
3647,1
38987,1
253,1
33258,0
198692,1
54407,1
66902,1
78391,1
12385,1
87342,0
186226,0
49653,1
20574,1
47305,1
41428,1
67217,0
128543,0
75393,0
119363,0
115366,0
39554,1
78039,0
6802,1
217017,1
804,0
30519,0
291878,0
9822,0
10333,0
73242,1
41067,1
191939,1
80818,0
20277,1
6905,1
70169,1
132305,1
19752,0
91000,0
35704,1
100975,0
66993,1
204008,1
45849,1
55440,1
62619,0
30077,1
100573,0
46081,1
93296,0
24476,1
59417,1
56300,1
65574,1
25017,1
44324,0
82664,1
24487,1
17367,1
2093,1
224615,0
217563,0
162925,1
73533,1
47659,0
29790,1
5396,1
123586,0
51417,0
58769,0
50155,1
114653,0
93568,0
195017,0
74970,1
15587,0
26832,1
113865,1
25415,1
136813,0
97848,0
265838,1
61925,0
12479,1
16989,0
242769,0
24022,0
25010,0
19525,0
6729,1
123157,0
463448,0
150996,0
82311,0
69438,0
125168,0
59833,0
38836,0
7806,0
85442,1
292424,0
19738,1
224798,1
30667,1
120204,0
71323,1
25405,0
87515,1
47257,0
5496,1
26127,1
43060,1
61910,0
81750,1
33093,1
79873,1
32482,1
100536,0
30836,1
30725,1
82577,1
7317,0
188608,1
64048,1
89288,0
120158,0
13540,1
5865,0
14396,0
195271,0
81207,0
62773,1
47995,0
51540,0
75356,1
11343,1
136219,0
345878,0
7507,1
59689,0
19699,1
31201,1
222925,1
37141,1
282757,1
41723,1
134678,0
100876,0
242670,1
62800,0
97357,1
12460,0
267426,0
35327,1
54670,1
18483,1
210382,1
130914,0
9799,1
67210,1
27718,0
16378,0
42973,0
15275,1
413524,0
47632,1
67032,0
249426,0
7307,0
69297,1
19039,1
78357,1
13658,1
71534,0
1583,1
29020,1
70609,0
219034,1
52066,0
38349,0
37915,1
2518,0
24907,1
30381,0
35072,0
186275,0
35764,1
447535,0
71925,0
37412,0
123686,0
28732,0
166610,0
72973,0
4193,1
30041,1
35332,1
23026,0
97911,0
20794,0
20780,1
390996,0
44105,0
30604,1
2153,0
124885,1
102767,0
9953,0
80505,1
16301,1
47504,1
34460,0
44312,0
21458,1
41508,1
63816,1
247162,1
11273,1
181598,1
41669,0
192603,0
33119,1
21734,0
3640,1
106366,0
8607,1
40892,1
101889,0
84631,1
81000,1
20490,0
1233,1
68960,0
76813,0
113018,0
72518,0
13400,1
36118,0
78999,0
72898,1
21084,1
196533,0
43202,1
55930,1
25370,1
36191,1
47699,1
9079,0
11409,0
3742,1
177101,1
19232,1
11598,1
51410,1
96966,0
193727,1
33104,0
37786,1
263096,1
54023,1
29445,1
55994,1
140396,1
77800,1
77297,0
27900,1
54559,1
80803,0
195891,0
20294,0
116545,0
178384,1
42785,0
48489,1
85095,1
45084,0
136175,1
52518,1
49614,1
45061,1
76068,1
4679,1
57502,1
55186,1
15294,1
24166,1
95246,0
56575,1
39638,1
78109,1
70879,1
378175,0
85972,0
22146,1
106575,0
23147,1
34871,1
51699,1
54129,0
79614,0
183228,1
109329,0
113492,0
22613,1
31288,1
30247,0
17748,0
86591,0
24562,1
210608,1
79372,1
51942,1
445017,0
28541,0
207836,1
45138,0
29258,1
40329,1
39523,1
54149,1
46208,0
52237,0
17730,1
257057,1
132280,0
51075,0
36724,1
28493,1
38936,0
104121,0
47648,1
45340,1
68834,0
25390,1
18730,1
60358,1
68297,0
59767,0
23045,1
61201,0
49789,1
28871,1
32595,1
79414,1
69139,1
82681,0
8362,0
35046,1
223405,1
10326,1
16172,0
61567,1
99005,0
41210,1
46412,1
35774,1
118327,0
40795,0
119211,0
63376,1
18418,0
86312,0
15889,1
21664,0
39445,0
56848,0
35740,1
23032,0
185182,0
250069,0
106035,0
30911,1
306640,0
34484,1
6100,1
203368,1
31549,1
21564,1
57741,1
58579,1
11162,0
145923,0
122056,0
110959,0
39224,0
22912,0
87352,0
11542,1
109349,0
61121,0
35560,1
49852,0
42199,0
36826,1
52356,1
94074,1
9396,1
391881,0
86180,1
46234,1
179288,1
87295,0
38950,0
20188,1
463724,0
10607,0
18317,0
30867,1
34255,1
98333,0
162298,0
196419,0
54707,0
55706,0
37244,1
26843,1
148968,0
51771,1
20414,0
66222,0
22501,1
27438,1
11809,1
186886,0
58244,1
51262,0
69365,1
13215,1
68740,1
2522,1
77846,0
81079,1
145072,1
25698,1
61002,1
73408,1
67452,1
193736,0
49954,1
267678,0
58957,1
370138,0
31223,1
28052,1
68282,1
112342,0
25986,0
25717,1
10471,0
76762,0
190063,1
139232,1
2635,1
64363,0
10204,1
52035,1
39707,1
5608,1
76278,1
21453,1
122766,0
19980,0
5296,1
28313,1
11362,1
25589,1
8586,0
33443,1
91583,0
43702,0
34449,1
96248,0
35071,1
6836,1
12075,1
242386,0
27816,0
44348,0
22634,0
37793,1
6398,1
85951,0
78057,0
25655,1
221987,0
137442,0
222841,0
74524,1
21762,1
70006,1
107918,0
38524,0
163425,1
53805,1
1629,1
81148,1
83499,1
77964,1
15231,1
207393,1
414911,0
79370,0
44623,1
6272,0
74428,1
27137,1
88505,0
81087,1
70285,0
418054,0
22710,1
228332,1
11490,1
90806,0
143919,0
22119,0
67951,1
23108,0
12279,1
55187,0
28986,1
46874,1
45711,1
44646,1
120687,1
56203,0
35832,0
32446,0
46907,1
3658,1
59773,0
33632,1
83585,1
14668,1
36784,0
1849,1
109838,0
53361,0
140462,0
165466,1
60891,0
17638,1
4245,1
235483,1
158545,0
26501,1
72736,1
6971,0
226710,1
31626,0
11813,0
418522,0
80215,0
79410,1
142228,0
70010,1
106309,0
203106,0
60180,0
229451,0
62128,0
74290,1
20879,1
211919,0
170876,0
21804,1
20416,0
19388,1
41283,0
168801,0
10861,0
98243,0
316746,0
80375,1
16127,0
39873,0
27722,0
24815,1
36157,1
60550,0
62979,0
7386,1
13917,1
49465,0
51747,0
230093,1
73659,0
14241,0
48840,0
9312,1
5979,1
79983,0
44850,0
33265,0
153977,0
49743,1
44603,1
70969,0
59838,0
34741,1
100469,0
19321,1
174102,0
34456,1
255016,0
193487,0
28820,1
49190,1
156255,1
27300,1
3806,0
65323,0
61218,1
154208,1
65972,0
123912,0
1270,0
32215,1
9360,1
31845,1
415272,0
250425,1
22584,0
167610,1
11534,1
18658,0
82407,1
35947,0
16170,0
35310,1
32227,1
86864,1
10982,1
23101,0
135220,0
222832,0
36851,0
40707,0
38151,1
187333,1
83465,0
54349,0
63537,1
86788,1
22200,1
16190,1
38673,1
77575,1
25325,0
11393,1
70422,0
223401,1
87857,1
389912,0
223729,1
24685,1
65125,1
166307,1
59654,1
70558,1
218316,1
62153,0
100208,0
123486,0
12464,0
270763,1
103025,0
37512,1
57788,0
59245,0
41357,0
16481,1
12945,1
50382,1
210532,0
52143,0
50011,1
81231,1
13057,0
4287,1
25726,0
21360,1
13482,1
7884,1
90759,0
52052,1
261751,0
9584,0
58978,0
76223,0
68143,0
15138,1
43462,1
30510,1
35216,1
114885,0
86805,0
148389,0
114852,0
159803,0
17441,0
26278,1
31117,1
166189,1
17999,0
1768,1
61093,0
167673,1
31551,0
33513,1
81019,1
111731,1
24091,1
36588,1
84104,0
27720,0
158541,1
28734,0
107381,1
44118,1
21601,1
8419,1
25538,1
45083,1
49975,1
93320,0
78929,1
57014,1
74796,1
217429,1
45262,1
14125,0
85276,1
39012,1
16630,0
6202,1
63433,0
78393,0
77761,1
225774,0
66581,0
3403,1
34156,1
187215,1
66499,1
43317,0
90659,0
19194,1
124212,0
100441,0
58781,0
22147,1
86670,1
59735,1
106928,0
88263,0
64889,0
355769,0
51234,1
98345,0
376516,0
11562,0
54609,0
86936,0
190422,1
29065,0
2600,0
26533,0
81894,0
82176,0
5643,1
220743,0
26066,0
85863,1
15809,1
208494,0
35328,1
11567,0
79116,1
25305,1
31902,0
12561,1
100390,0
118331,0
96447,1
39089,1
9144,1
22109,0
254255,0
47245,1
38798,1
43248,1
29715,1
35316,0
33883,0
128809,0
13037,1
68767,1
33637,0
72336,0
42635,1
41070,0
212524,0
87496,0
223927,0
93826,0
141286,0
46549,1
24071,1
39319,1
37321,1
9568,0
20800,0
50246,1
345116,0
29277,1
213877,1
79083,0
25975,0
69305,1
12409,1
965,0
14203,0
9405,1
89479,0
102875,0
8658,1
45148,1
69299,0
30134,1
92118,0
909,1
37828,0
41482,1
71962,1
8380,0
88596,0
32678,1
52020,1
80339,1
83246,1
41893,0
92436,0
37570,1
62004,1
90452,0
76542,0
100682,0
64121,0
86405,1
21045,1
216818,1
78949,0
11030,1
30985,0
54880,0
2327,1
36197,1
44268,1
41128,1
45217,1
97732,0
31200,0
73,1
43945,1
88598,1
201624,1
20911,1
193648,1
74292,0
2416,1
20286,0
12706,1
61090,0
20233,1
13977,1
11184,1
38768,0
116845,0
20971,1
114086,0
221755,1
52803,0
283851,0
142368,0
55197,1
6219,1
75773,0
22750,1
155264,0
33212,0
60472,0
122975,0
19203,1
262203,1
35012,0
58366,0
178144,1
93638,0
130772,1
17107,1
117071,0
69194,0
44265,1
85749,1
22555,0
208274,0
98085,0
3577,1
221386,0
134181,1
21356,1
22124,0
33791,1
47223,1
93271,0
52089,0
398919,0
51810,1
4025,1
71182,1
79252,1
233340,1
65559,1
51830,0
21948,1
32062,0
82434,1
90026,0
45609,0
7417,0
41235,0
4216,1
361406,0
70810,0
26505,0
20235,0
53149,0
346835,0
33103,0
82181,0
3444,1
19635,0
52527,1
21749,1
67295,1
90255,0
57395,1
41172,0
184327,1
260093,1
217194,1
27679,1
113091,0
27038,1
86594,0
61183,0
80934,1
16806,1
62995,0
190486,1
7898,1
134985,0
36013,1
17585,1
37794,0
1222,1
3104,0
55688,0
61312,0
41190,0
5670,1
148771,0
54902,1
5994,1
21413,1
253675,0
69639,0
23281,0
118384,0
104635,0
32515,1
45278,1
50439,0
87600,1
20646,0
95015,0
44866,1
20692,0
24912,1
86593,0
72495,0
39642,0
201388,0
73346,1
84081,0
35815,0
31366,0
10376,1
31360,0
24348,1
318149,0
81045,0
123683,0
9565,0
24682,1
21573,0
34420,0
221413,0
70440,0
85548,0
90866,0
238008,1
277346,1
247802,0
84682,0
71012,1
205995,1
106315,1
9642,1
43012,0
7906,0
243186,1
119988,0
32171,1
9117,0
69165,0
136615,0
99978,0
19917,1
37948,0
22413,1
180423,1
22804,0
43939,0
81569,1
38825,0
38020,1
27758,1
5721,1
53939,0
44214,1
116869,0
52424,0
101570,0
28476,1
34813,0
56641,1
23387,1
171504,0
41413,0
41345,1
212544,1
26797,1
61159,1
100149,0
63322,1
29117,0
21516,0
240202,0
93417,0
97980,0
7586,0
42975,1
52313,0
48373,0
204784,1
37956,0
219299,1
77023,0
44693,1
21462,0
7359,0
23768,1
76680,0
41944,0
12114,0
172805,1
115208,0
23239,0
12462,1
138071,0
28078,1
383403,0
32185,0
75706,0
118092,0
149110,1
4254,1
28881,0
39229,1
25104,1
79928,1
87188,1
93152,0
69793,1
86543,1
80045,1
108346,0
92,1
59366,0
47240,1
1436,1
222215,1
65095,0
75366,1
51755,0
21864,1
112042,0
73614,0
22213,0
26986,0
220119,1
81379,1
267637,1
20894,0
43405,0
31973,1
261040,1
56496,0
34458,0
43496,0
116876,0
485,0
9537,1
77942,0
57786,1
82092,1
50834,0
43759,0
47163,1
25709,1
7846,0
58671,0
3195,0
60070,0
41105,1
54467,0
34955,1
98218,0
84325,1
50918,1
115058,0
7515,1
33790,1
78924,1
233004,0
17180,0
29852,1
2775,1
72136,0
55708,0
114202,0
55821,1
192202,0
52521,0
149438,0
10800,1
60278,0
30511,1
152388,1
220920,1
224042,1
407837,0
2494,0
28839,1
25789,1
136567,0
61942,0
185379,1
149040,1
85699,1
55931,0
455063,0
50754,0
66739,0
34423,1
63181,1
2052,0
39212,0
220557,1
228846,0
13287,0
26960,1
35060,0
82007,1
87230,0
85545,1
192833,0
89178,0
17949,1
48117,0
37864,1
46937,0
54377,0
36311,0
316283,0
137349,0
36568,1
115489,0
236557,1
227723,1
152277,1
72173,1
79412,1
74086,1
87023,1
55152,0
2332,1
139189,0
26432,0
79052,1
21408,1
10645,1
66635,0
401774,0
84770,0
50084,0
33908,0
29742,1
58581,0
31077,0
213571,0
16399,1
54966,1
37825,1
240482,0
6742,1
69993,0
6070,1
64289,1
87700,1
49290,1
37865,0
72726,0
71993,0
59190,1
40518,0
96102,0
173448,1
38229,0
84086,1
71755,0
23807,1
178495,1
45359,1
72147,0
61584,1
51729,0
318176,0
29807,1
34085,0
73707,1
44654,0
370750,0
12546,1
39317,1
46280,1
20709,1
390764,0
122207,0
86984,0
60340,0
203793,1
68845,1
30009,0
241779,0
29066,1
447652,0
140258,0
191122,0
67218,1
30650,0
7915,0
100843,0
166194,1
24991,1
4785,1
35842,1
187266,0
6787,1
179679,0
35865,0
21238,1
45879,0
26979,1
120764,0
54130,1
64443,0
203109,0
63333,0
39261,1
30050,1
4412,0
2763,0
8801,1
6566,1
56787,1
319809,0
81403,1
207027,1
42205,1
58961,0
131082,0
64111,1
45502,1
22054,1
80894,0
5076,0
21889,1
46828,1
26547,0
159885,1
40510,0
170745,1
56415,1
54773,0
38933,1
279969,1
5478,0
72843,1
65375,1
65623,0
28397,1
18629,0
47529,1
48592,1
13196,1
44345,1
99123,0
8583,1
61602,0
2739,1
36862,0
77372,1
231799,1
73029,1
84888,1
155110,0
5214,1
14860,0
28352,1
43538,0
26900,0
1090,0
57221,0
43632,1
38297,1
88681,1
41795,0
268259,0
75608,0
41834,0
53922,0
39478,1
221774,1
212129,0
881,1
64420,0
214610,0
64055,0
44835,0
77201,0
57323,0
61917,0
66287,0
129062,0
206255,0
45057,0
67272,0
261870,0
200392,0
37080,1
92242,0
131202,0
21191,1
87164,1
28189,1
22361,1
70923,1
24800,1
19689,0
6612,1
119557,0
22063,1
8646,1
71662,1
17331,0
25295,0
75891,1
30953,1
27484,0
41180,1
5234,1
408278,0
32914,1
11244,1
86284,1
57192,0
87483,0
67607,1
24019,1
60273,0
74759,0
7199,0
400246,0
33567,1
87438,1
99344,0
28395,1
48004,0
29451,1
21015,0
60760,0
18034,0
20888,1
196880,1
34788,1
80999,0
84074,0
22951,0
30621,1
47216,0
25878,1
55185,0
29800,1
108555,0
26332,1
279842,1
261447,0
13861,1
25193,1
53773,1
25758,0
2625,1
213464,0
86933,0
414332,0
72972,1
11614,1
87106,1
114810,0
21570,1
54843,0
117887,0
26090,0
10003,1
94902,0
41442,1
57404,0
230507,1
80759,1
30303,0
15280,0
31513,1
37314,1
87084,0
35274,0
44379,0
124419,0
56291,1
37404,1
89175,0
94701,0
11897,0
24462,0
30402,1
43963,0
79405,1
65190,1
143765,0
123151,0
12472,0
69559,1
187404,0
54463,1
57109,0
4234,0
59103,0
5587,0
18563,1
24356,0
36093,1
29212,1
21808,1
29459,1
69932,1
68084,0
71547,0
30986,1
342523,0
30216,1
55161,1
179685,1
17468,1
136463,1
17710,0
44329,0
26141,1
52480,1
8028,0
42379,0
82766,1
25761,0
51330,0
181802,0
70786,1
204704,1
1404,0
29103,0
133413,1
114123,0
19580,1
61712,1
40317,1
30274,1
58333,1
53088,0
60811,0
5387,0
103383,0
31972,0
3579,1
39448,0
41717,0
5618,0
27100,1
322884,0
59401,1
6996,1
49657,1
296930,0
124530,0
27188,1
14942,0
77358,0
32412,0
94616,1
176377,1
62717,1
66552,0
71585,0
514,1
70245,0
273330,1
124597,0
247908,1
8286,1
411413,0
19586,1
18690,1
90191,0
260721,1
56491,0
66671,0
77813,1
137438,0
93369,0
152846,0
74803,1
72703,1
80267,0
63884,1
7413,1
24418,0
80564,0
39436,1
68012,0
19946,1
59683,1
100920,0
60737,0
60023,1
29927,0
39275,1
239299,0
23098,1
75380,0
333700,0
29118,1
40965,1
61212,0
37374,0
108309,0
240115,0
79846,0
323584,0
205898,1
267673,0
29541,0
167930,0
7053,0
77266,0
48809,0
4406,0
56521,0
35953,1
44193,0
171457,0
271860,0
83143,1
88018,0
80852,0
81375,0
468347,0
30038,1
100577,0
11856,0
6850,1
4591,0
113776,0
28814,0
34854,1
79788,0
109667,0
157625,1
161550,1
53047,1
17350,1
62520,0
48078,0
123278,0
73025,1
169136,1
31914,1
335244,0
69006,0
203324,1
27338,0
46794,0
161671,1
463165,0
64551,0
78072,1
45213,1
223702,1
33051,1
45953,0
211769,1
19373,0
52405,1
40765,0
58717,1
63574,0
67798,0
34027,1
27332,1
30125,1
229568,1
17613,0
26873,1
91897,0
54294,1
34777,1
18218,1
22828,1
38729,0
52239,0
90277,0
2,1
42528,1
19756,1
47673,0
21109,1
54513,1
29057,0
82388,0
69693,1
46158,1
180063,1
54135,0
19277,1
99208,0
92833,0
132725,0
79656,1
193274,1
43825,0
20236,0
32634,0
31367,0
327641,0
135040,0
33936,1
22462,0
63754,1
58996,1
69419,0
9846,0
47436,0
69635,1
20767,1
44161,1
87229,1
185756,0
356602,0
33115,1
130521,0
257162,1
38418,1
203411,1
90133,0
42025,1
55040,1
2593,0
27533,1
18602,0
51640,1
78122,0
187249,1
33286,1
10267,1
15402,0
68629,0
379293,0
25707,0
15380,0
60069,0
72186,0
76397,0
14939,1
86240,0
256045,1
272559,1
146936,1
100452,0
41973,0
110497,0
225972,1
222716,1
32259,1
24631,0
238598,1
2226,0
48963,1
18414,1
52048,1
249810,1
38426,1
74908,1
112351,0
97718,0
35321,1
37672,1
46917,0
57183,1
22810,0
84154,1
40625,1
112703,0
205580,1
45634,1
22363,1
44087,1
8315,1
58823,1
124301,0
19872,1
32738,1
308563,0
35186,0
261765,0
66624,1
62376,1
67146,1
29415,1
81823,1
35958,0
72754,0
29081,1
198164,1
198597,1
307934,0
54019,0
20772,1
37418,1
22036,0
88877,0
63054,1
5485,1
69210,0
51999,0
10988,1
178576,1
44196,0
56948,1
62863,0
99957,0
39132,1
11717,0
48917,0
90763,0
27372,1
40302,1
24994,0
12358,1
57926,0
50652,0
390539,0
57025,1
211203,1
59994,0
23772,1
266047,0
146666,1
100809,0
5791,1
54146,1
179184,1
232469,0
218151,1
199545,0
2168,0
130589,0
73108,0
209467,0
87278,0
33590,1
69270,1
40861,1
4209,0
27684,0
76659,1
41994,0
68943,0
34694,0
87189,0
38232,0
108766,0
82894,0
62420,1
67322,1
46056,0
177813,1
59411,1
42271,0
2095,0
459835,0
193481,1
199825,1
96751,0
81550,1
29454,1
27147,0
247,0
38685,1
140091,0
4392,1
223476,0
44292,0
45126,0
547,1
63359,1
87876,0
46530,1
13440,0
50923,0
48616,0
66781,0
343149,0
74059,1
57851,1
12302,0
45768,1
23448,1
80890,1
64541,1
37696,0
346717,0
30663,1
85755,0
17639,1
267757,1
40591,1
82364,0
46410,0
154967,1
66191,1
4408,1
18198,1
27925,1
70178,1
54967,1
35566,1
100294,0
1326,1
34557,1
14287,1
44673,0
76201,0
192221,1
262886,0
236076,0
85327,1
47284,0
240190,0
21038,0
16861,1
51383,1
46228,1
16438,1
81321,0
84348,1
2008,1
66603,0
68118,1
27654,1
17368,0
29685,1
24687,1
1719,1
410093,0
29962,0
23604,0
10313,1
74299,1
30307,1
124655,0
77639,1
90639,0
23794,1
44643,1
35339,0
88435,0
258734,1
268232,0
57368,0
90351,0
127100,0
68516,1
82648,1
60751,1
246197,1
58702,1
323573,0
79132,1
4930,1
21181,0
159178,1
24315,1
43010,0
7056,0
84799,0
15804,1
65070,0
116888,0
42562,1
27615,1
37041,1
48801,1
30709,0
219905,1
213981,0
9087,1
61815,1
36636,1
16453,1
111469,0
319448,0
35340,0
21718,1
159641,1
48056,1
32330,1
24520,0
12363,1
12800,0
72455,1
50517,0
86953,0
232160,0
42809,1
107215,0
8503,0
85567,0
87907,0
91080,0
91363,0
75334,0
52225,0
30309,1
42691,1
23050,1
14845,0
6725,1
213138,1
7535,0
34755,0
33359,0
14008,0
41497,1
32110,0
42990,1
173849,0
20212,0
39937,0
83270,1
170370,1
120521,0
115798,0
79723,1
30335,1
32763,1
64959,0
25858,1
62515,0
5569,1
563,0
51089,0
201270,1
7827,1
75069,0
68419,0
92506,0
46084,1
18980,0
157828,1
7933,0
22436,1
9128,1
75709,1
19224,1
55163,1
34337,1
214587,1
12103,1
43004,1
42884,1
29711,1
42609,1
90714,0
86547,0
83258,1
33872,1
47417,1
27187,0
7251,1
9475,1
377256,0
22729,1
22902,0
27255,1
103950,0
221445,0
107580,0
65122,0
25206,0
30418,0
186841,1
229271,1
86606,1
21853,1
42399,1
85880,1
26715,0
190256,1
14422,1
28123,1
18154,1
163727,1
74451,1
66701,0
1046,0
8746,1
46528,0
5185,1
330432,0
91938,0
410829,0
50065,1
67637,1
70445,1
23126,0
35962,0
226264,1
9855,0
24724,0
5479,0
94092,0
79094,1
44236,1
24940,0
23230,1
77199,1
38226,1
17283,1
143916,1
36325,0
42524,0
155700,1
3352,0
86492,0
62198,0
7179,1
239749,1
355316,0
206183,1
41081,0
24209,1
3925,0
206771,1
30536,1
40397,1
88077,0
41350,1
275252,1
40555,0
41329,0
400506,0
32688,0
95725,0
68058,1
101514,0
46358,1
84874,1
58016,0
36449,1
53823,0
93552,1
67855,1
98112,0
28856,1
43154,1
95991,0
144909,0
77282,1
239224,0
26382,1
55624,1
176039,0
63003,0
12770,1
37135,1
7903,0
117140,1
66852,1
16735,0
93777,0
4414,1
42203,0
655,1
64256,1
83983,1
243758,0
54906,0
15769,0
53339,1
204869,0
218474,0
14078,0
79076,0
68094,1
20860,1
98135,0
8561,0
18088,0
60543,1
86587,1
21223,1
393538,0
3540,1
113293,0
41407,0
44365,1
12301,0
35747,1
129782,0
6750,1
53160,1
86794,1
56306,0
22509,1
29297,1
74082,1
34701,0
112775,1
42837,1
64022,1
84450,1
49325,1
84067,0
22185,1
47910,0
260983,0
2098,1
7654,0
38107,1
77423,0
160545,1
225758,1
85497,1
18314,1
83361,1
46821,0
27080,0
87758,1
66545,0
73489,1
13762,0
143176,0
30366,0
81319,1
42407,0
14583,0
141215,1
85453,0
74174,0
83121,0
49068,0
197580,0
21599,0
30015,0
60175,0
16292,0
41481,1
75621,1
210765,0
36299,0
4455,0
287019,1
59300,1
35,0
110060,0
46136,0
40216,1
209948,0
67066,0
43204,1
72503,0
41056,1
29226,1
80274,0
15119,1
52309,0
24265,1
154202,1
2916,0
236116,1
46270,0
177208,0
27675,1
357859,0
36815,0
35792,0
68817,1
74430,1
28471,1
64537,1
24507,1
63257,1
13036,1
22697,0
47420,1
67478,0
2340,1
131520,0
141514,1
19355,1
200769,0
59763,1
117742,0
13533,1
17299,1
50214,0
75202,1
71422,1
48727,0
58953,0
32243,1
31394,1
72414,1
46103,0
31644,0
117794,0
26993,1
241760,1
2882,0
925,1
102431,0
249723,0
62372,0
49532,1
70346,0
373212,0
170646,0
12481,1
46311,0
20710,0
88460,1
96052,0
64434,0
70237,0
18607,1
42832,1
22547,1
161850,1
127610,0
32767,1
23022,1
11464,1
121533,0
154861,0
27556,0
13019,0
25582,0
61926,0
59826,0
414103,0
415243,0
2987,0
180309,0
7316,1
24210,1
160570,0
42030,1
76815,1
203995,1
14034,0
26849,0
79666,1
171620,1
442304,0
37670,0
75775,1
16643,0
70501,1
236727,1
201704,1
38665,0
77426,0
53796,1
58439,0
246710,0
11234,0
54962,0
155246,1
48539,1
376957,0
35469,0
1866,0
46952,0
48896,0
51270,0
23544,1
121,0
22177,0
9699,0
34570,1
24879,1
23666,1
19098,0
225347,1
23145,1
62910,1
52482,0
5645,0
20033,0
92606,0
44124,1
19522,1
5705,1
216904,1
75991,0
28660,1
78241,0
22545,1
170187,1
4276,1
15166,1
85734,0
64743,1
24570,1
102015,0
31469,0
227764,0
133875,0
12999,1
7331,1
56981,1
146357,0
42368,1
14649,1
71466,0
38607,0
254,0
103978,0
120628,1
87052,1
80037,0
25586,1
39461,0
24496,1
6480,0
92733,0
34959,1
200508,1
84783,1
107618,0
46338,1
10660,0
87530,1
61838,0
89806,0
36546,0
25459,1
90121,0
17007,1
127141,0
49105,1
10898,0
36375,1
34034,0
77220,1
128995,0
126483,0
20776,0
80986,0
6820,1
94132,1
7499,1
463697,0
148815,0
47411,0
67335,1
55073,0
63666,0
80650,1
43066,1
6008,0
53249,0
66771,0
17698,1
121185,0
374875,0
26374,1
57065,0
42154,1
46659,1
1403,1
39120,1
25283,0
15945,0
433880,0
102516,1
105127,0
95842,0
226611,1
62798,0
136220,0
45269,1
7380,1
15836,0
458158,0
21841,1
20857,0
237966,0
20213,1
133727,0
53308,0
45236,1
6775,1
3766,0
30064,0
18987,0
250030,0
155476,0
22270,1
1847,0
29561,1
56258,0
45602,0
71256,0
194089,1
50170,1
369584,0
61366,1
270,1
202988,0
5995,1
21197,1
90293,0
101250,0
15537,0
91613,1
10662,1
78091,1
110372,0
14956,1
54690,1
58081,1
87311,0
48846,1
94261,1
264719,1
32392,0
27560,1
33252,0
1628,1
64934,0
157629,1
48470,1
75936,0
73131,0
45503,1
45474,0
164059,1
228628,1
176981,1
107501,0
32206,0
36994,1
116710,0
225094,0
437816,0
25699,0
26811,1
152435,1
82101,1
110484,0
21632,0
58839,0
36147,1
42866,0
26238,0
46099,1
99724,0
18114,0
410593,0
204922,1
31087,0
13616,1
39312,0
319,1
11993,0
66310,1
92509,0
83881,1
20741,0
27893,1
5361,1
139879,1
35783,1
9968,0
23355,1
16496,1
31956,0
29839,1
16809,1
7527,0
90305,0
7031,1
70482,1
33964,0
71589,0
17236,1
22033,1
62122,0
74277,1
112685,0
34149,1
122973,0
88134,0
2557,0
68660,1
20787,1
10169,0
45683,1
21049,0
26408,1
224686,0
201949,0
82625,1
75350,1
166626,0
20398,1
40108,0
69747,1
26405,0
263070,0
58765,1
54698,0
24358,0
22201,1
123334,1
6302,1
288408,1
115055,0
66526,1
72029,0
56481,0
38332,1
91197,0
18174,1
63200,0
4431,1
13946,1
5876,1
39665,0
30348,0
99887,0
24730,0
302591,0
7889,0
117167,0
29398,0
33934,1
36978,1
43624,1
99705,0
116896,0
227647,1
245944,0
118453,0
118531,0
35607,0
186212,1
13806,1
258215,1
21314,0
23594,1
332739,0
45268,1
459405,0
43101,1
737,1
59244,0
197308,0
18566,1
22407,0
53555,0
23619,0
28160,0
43961,0
189875,1
37629,0
7333,1
9994,1
35553,1
169444,0
63306,1
28354,0
48390,0
9242,0
70633,1
51218,1
31837,1
21281,1
90005,0
9401,0
21571,0
90917,0
87578,1
42383,1
29520,0
25710,1
5767,0
19305,0
214638,0
78362,0
32782,1
42291,1
37993,0
3339,1
167113,1
8444,1
123662,0
78026,0
35361,1
74035,0
72914,1
25040,1
5147,1
32367,1
36997,1
29339,0
225260,0
310678,0
19697,1
59345,1
64625,1
23079,1
75231,1
56060,1
7968,1
219492,1
112865,0
579,1
93025,0
102396,0
124797,1
143622,0
94627,0
70091,1
34626,0
71156,1
63028,0
75440,1
53058,0
183919,1
18212,0
22955,1
63683,0
48971,0
71127,1
23042,1
56493,1
21055,1
156280,0
40125,0
99489,0
31561,0
23736,1
39496,0
58309,1
37725,0
39072,0
263708,0
51984,0
82372,1
218214,1
23472,0
232882,1
12677,1
113881,0
110751,0
47523,1
261042,1
55077,1
59052,1
416574,0
141815,0
101698,0
268671,1
47713,1
185584,1
88064,1
56955,0
86878,1
1727,1
43516,0
33079,1
19241,0
4650,0
30310,1
112337,0
15732,0
94685,0
18009,0
36947,1
30730,0
170456,1
48211,1
390747,0
88927,0
112662,1
137430,1
76169,1
87138,1
26174,0
98895,0
79476,1
441685,0
130671,0
161529,0
25691,1
46398,1
75236,0
69119,1
137961,0
32810,0
20586,1
42418,1
25998,1
51220,0
42322,1
46880,0
50403,1
239946,1
62616,0
52777,1
5886,1
41219,0
197731,0
230249,1
87200,1
64423,0
62096,0
32374,0
283555,0
142513,1
76314,0
4183,0
72651,1
78048,1
35256,1
5949,1
35883,0
39297,0
105827,0
232647,0
52957,1
14244,1
27719,1
253711,1
84428,1
260350,0
587,0
37149,0
7038,0
2589,1
24970,1
19198,1
75314,1
78531,1
110630,0
27333,1
24791,1
20280,1
44779,1
26569,1
2110,1
121923,1
95603,0
21615,0
8083,0
28934,1
50492,0
76115,0
182273,1
69536,1
60474,1
33261,0
78684,1
52442,1
15944,1
19969,0
137756,0
98642,0
53655,1
429197,0
39071,1
43319,0
36910,1
8530,0
23646,1
14076,1
111915,0
147030,1
4718,0
67738,1
25287,1
188884,0
68744,0
194774,0
25243,0
59935,0
34252,1
99665,0
75887,0
25397,0
31048,1
160273,1
15093,1
283161,0
19603,1
24511,1
255293,0
50288,0
93995,0
60955,0
61138,0
156720,1
55583,1
78083,1
417132,0
99505,0
24232,1
10134,1
23086,1
82701,1
25041,1
55227,1
74930,0
72556,1
101029,0
241958,1
18152,0
150961,1
70414,0
68026,0
55614,1
269920,1
2489,1
24945,0
9398,1
51418,1
26737,0
57805,1
40890,1
97466,0
17623,1
47160,1
170179,1
58603,0
5658,0
207683,0
41176,1
31608,0
43134,0
10538,1
8054,1
224413,1
19307,1
17855,1
211993,0
111976,0
42491,1
95733,0
81478,1
83359,0
40918,1
105467,0
16249,0
123755,0
173035,1
94637,0
72757,1
57742,0
29881,0
53427,1
110633,0
29724,1
50190,1
26323,1
41179,0
83516,1
468471,0
19439,0
4914,0
44349,1
222317,0
202342,1
54014,1
150273,1
44729,1
239068,0
426345,0
44075,1
18864,1
109699,0
220156,0
24482,0
60809,1
25620,0
109348,0
24120,1
29814,0
215068,1
80560,1
33769,0
74191,0
49310,0
16789,1
26033,1
44602,1
34975,1
22079,0
84916,1
130665,0
4221,0
13001,1
239117,1
74351,0
31602,1
36335,1
25332,1
40703,1
23509,0
16736,0
61984,0
214494,0
45449,0
37254,0
83030,1
9058,1
437967,0
24450,0
7085,0
643,1
12536,1
203425,0
86075,1
26836,1
34032,1
99972,0
2821,1
54765,1
25236,1
17549,1
20634,0
58898,0
235402,1
54175,1
21299,0
91918,0
21935,0
17471,0
183513,0
120206,0
43229,0
87783,1
38548,1
31718,1
15878,0
84929,0
125581,0
258188,1
85488,0
357347,0
32874,1
45628,1
48957,0
100731,0
44112,1
4277,0
38419,0
5905,0
25974,1
87166,1
11364,1
19854,0
236922,1
54421,0
89216,1
34494,0
29282,1
13484,1
23607,1
83249,1
468128,0
70992,0
51267,0
92375,0
111858,0
450344,0
39075,1
84765,0
78052,0
135976,0
49832,1
19646,0
57910,1
28658,0
85311,0
247051,1
86718,0
83919,1
98534,0
24305,1
72378,1
270048,1
12520,1
68096,1
41709,1
31966,1
73139,1
10510,1
1999,0
125165,0
32611,1
45144,1
125597,0
58191,1
26116,1
99119,0
16181,0
45719,1
7396,0
54561,1
25331,0
5118,1
23832,0
37480,1
53410,1
36091,1
48619,0
122503,0
71073,1
34954,0
229016,1
40468,1
58663,0
64227,0
31129,1
18195,1
27432,1
24906,1
192986,1
28512,1
29471,1
56072,1
15722,0
53151,1
27218,1
35874,0
101216,0
9973,0
217590,1
47702,1
1200,0
26252,0
23377,0
48454,1
33752,0
200441,1
391283,0
33531,1
71580,1
232174,0
28976,0
263116,0
60691,0
139820,0
105497,0
219120,1
254985,1
66586,0
43476,1
117729,0
48845,1
19294,1
162343,1
77653,1
24500,0
28486,1
30180,0
19401,1
135589,0
44322,0
21123,0
67240,1
34623,1
157213,1
31428,0
28910,1
16435,0
36738,1
40399,1
41512,1
10796,0
32853,0
389072,0
371076,0
47743,0
144783,0
445731,0
224229,0
53268,0
78637,0
14512,1
67373,1
109584,1
26334,0
180713,0
212305,0
82055,0
38762,0
75600,1
14965,0
125964,0
85043,0
26773,1
436925,0
40450,0
44857,1
58496,0
102433,0
56288,0
87283,0
26597,1
23202,1
37352,1
35625,0
12674,0
115613,0
177966,1
79813,0
80701,0
82205,1
4618,0
24220,1
2087,1
69444,1
19191,0
22717,0
38765,1
2961,1
57920,0
24527,1
84481,1
128909,0
18052,1
23322,0
260071,0
41028,0
51337,0
24191,1
8053,0
121739,1
60357,1
73657,1
59876,0
2151,1
47876,1
29640,0
64793,0
79157,1
8628,1
314556,0
93810,0
10119,1
3900,0
38894,1
69240,1
5565,0
323732,0
87684,0
30455,0
8748,1
51555,1
168259,0
23394,0
13904,0
48465,1
34544,1
62664,1
245293,1
77377,0
300370,0
84304,1
39372,1
33292,0
30563,0
115932,0
5023,1
208292,1
32277,0
4399,0
20683,1
51288,1
41494,1
6276,1
23640,0
48551,1
87041,0
146329,0
53909,0
40584,1
15136,1
170930,1
430380,0
127232,0
45572,0
25483,1
46090,1
57274,0
12514,1
30184,0
52755,0
11749,0
52282,0
47843,1
68055,1
11802,0
171704,1
211965,1
36519,1
21663,1
16162,1
64927,1
5055,1
37951,0
24961,1
14671,0
65752,0
216050,1
6874,0
6275,1
31440,1
76826,1
17974,1
149095,1
65905,0
45740,1
29943,1
63953,0
16967,0
59785,0
47279,1
105802,0
34172,0
34676,1
27117,1
79286,1
17944,0
137757,0
177438,0
50807,1
37856,1
34974,0
177382,1
60829,0
249008,1
281530,1
14425,0
31919,0
152907,0
77320,1
24516,0
16893,0
31786,1
36278,1
78789,1
20945,1
150746,1
23550,0
75505,1
30774,0
72392,1
22129,0
71252,1
26793,0
100846,0
121887,0
2770,1
8929,0
82726,0
23219,1
173576,1
48626,1
34770,1
140888,0
78628,0
27795,1
35147,0
216700,1
25925,0
47409,0
34050,1
40635,0
47294,1
397153,0
8676,0
137897,0
68524,1
118789,0
38956,0
32918,1
57314,1
112544,0
19908,0
59359,0
37582,1
31609,1
54013,1
34901,0
46352,1
15657,0
102368,0
196018,1
605,0
138637,0
10520,0
2636,0
41054,1
134118,0
31398,1
49200,0
117473,0
20781,0
194110,1
77435,0
72609,1
14347,0
31057,1
34089,1
178965,0
101937,0
61865,0
35501,1
71753,1
94354,0
79783,1
26590,1
20917,0
197418,1
53529,1
56812,0
31503,1
44982,1
5693,0
26409,1
29224,1
77790,0
85097,1
7526,1
178244,0
6664,1
32591,1
109639,0
10610,0
29125,0
302526,0
1187,1
226713,1
24941,0
44734,1
47741,0
15817,1
80826,1
21014,0
189982,1
74630,1
12678,0
28675,1
139048,0
48156,1
1953,1
25435,0
95158,0
61207,0
29562,1
21156,1
134858,1
191330,1
474358,0
234402,1
31124,0
6813,1
60511,0
30308,1
409762,0
50847,1
84563,1
25776,1
46348,0
2027,1
66344,1
17177,1
158583,0
19497,1
26236,0
84644,1
63885,0
40224,1
19226,1
72158,1
238305,1
38042,0
239805,1
50460,1
67658,0
19894,1
93703,0
63663,1
71063,1
57717,0
42448,1
65037,0
29172,0
40176,0
21399,0
53293,1
6102,1
181122,0
19724,1
39338,0
16196,1
18234,1
65768,0
136629,0
85162,1
38583,1
50905,1
79280,1
120070,0
195522,0
9259,0
244783,1
352214,0
57088,0
43344,0
27997,1
78649,0
75636,0
4967,1
79924,1
38405,0
58285,0
35453,0
2006,1
98612,0
415827,0
154949,1
159984,0
38121,1
249353,0
62369,0
85183,1
19468,1
24851,0
72732,1
156874,1
30375,0
72470,0
69192,1
171199,0
25779,1
71003,0
114526,0
16995,1
16260,0
18426,1
236656,1
329253,0
69106,0
45534,0
17692,0
43152,1
568,0
46224,1
144614,0
95453,0
35077,1
22046,0
423777,0
138606,0
144682,1
76735,0
20508,0
61014,0
71695,1
78433,1
74690,1
46818,1
47938,0
24624,1
93318,0
59741,1
4143,1
1668,0
84962,0
23151,0
23475,0
12475,1
65561,1
3850,1
13110,0
66695,1
67968,0
24380,1
74878,0
191882,0
61309,0
79962,0
418071,0
24429,0
36094,0
25980,0
18285,0
125671,0
233084,0
265653,0
23188,0
49738,1
72628,1
55554,0
27534,1
73583,1
10709,1
20069,1
193181,0
82908,1
46463,1
26108,1
25626,1
11916,0
87959,1
65567,1
59463,0
38862,0
99935,0
101160,0
96038,0
72846,0
32189,0
66975,1
4686,0
35252,1
90261,0
53093,0
62165,0
62556,0
73587,0
54322,1
91740,0
73600,1
61185,1
94920,0
143351,0
38954,1
46009,1
474544,0
110657,0
30193,1
17871,1
242256,1
90742,0
16642,0
30482,0
19582,1
310945,0
10105,1
411719,0
70535,1
74005,1
63416,0
49673,0
70290,1
96048,0
22048,1
130849,0
41862,1
47604,1
36125,0
36393,1
31920,0
81784,1
3490,0
61668,0
38901,1
25814,1
26435,0
33420,0
37550,0
80314,1
397,1
29140,1
117955,0
151856,0
131481,0
69087,1
105820,0
45982,0
36429,1
24740,0
84754,0
150456,0
335854,0
19511,1
27186,1
29184,1
223971,1
51196,1
59071,1
26562,0
456510,0
175839,1
15468,1
6216,1
46121,1
26152,1
78133,1
180576,1
8338,1
13810,1
27309,0
16688,1
83762,0
24588,0
222458,0
377257,0
214201,0
86731,0
36714,1
64133,1
48245,0
16464,0
17796,1
145993,1
5551,1
44153,1
61842,1
39536,1
29321,1
65273,0
18870,0
129745,0
157608,0
81072,0
247900,1
33195,0
40939,1
28979,1
9277,1
83666,0
67118,1
97000,0
175159,1
221053,1
255924,0
32784,0
47313,0
23182,0
16744,0
22841,1
52026,0
27612,1
117965,0
34723,1
118810,0
26669,1
75107,0
34662,0
183205,0
32760,1
36498,0
37843,1
60138,0
141157,0
36719,1
77143,1
53049,0
14115,1
93610,0
69168,1
225583,1
114695,0
87661,0
49265,1
15767,1
169448,1
369704,0
40078,1
207896,0
43232,0
53556,1
32051,0
110866,0
22084,1
231386,1
28214,1
19713,1
224283,1
52017,0
41383,0
18444,0
25430,0
39826,0
86601,0
30324,0
32057,0
3981,1
237401,0
95686,0
29636,1
11713,1
1970,0
36845,1
302802,0
81324,1
215763,1
94974,0
242575,0
41109,1
125315,0
48177,0
87686,0
106663,0
94676,0
145647,0
4629,0
23606,0
27179,1
33555,0
39528,1
159516,1
59036,1
104487,0
466696,0
38899,1
35688,1
87637,1
85943,1
34023,1
28374,0
5096,0
182828,1
272793,0
187979,1
1346,1
47364,1
114920,0
75156,1
36603,0
71394,1
13029,0
84240,1
9463,1
232140,0
106232,0
34951,1
271302,1
54182,1
146885,1
19678,0
72918,1
9762,0
38127,0
31844,1
25875,1
61074,1
93959,0
2527,1
55750,0
30339,0
154593,1
76279,1
6666,1
40876,0
73754,1
46745,0
234434,1
43983,1
188733,0
190064,1
63043,0
64026,1
47272,0
240767,1
216591,1
214500,1
54056,1
86940,1
67420,0
32942,1
33404,0
174207,0
165330,0
123198,0
56724,1
167965,0
39135,1
12203,0
59746,0
7714,1
255329,1
90821,0
65597,0
45784,0
64971,1
59540,0
2672,0
81591,1
87150,0
284260,1
176244,0
76565,1
172383,0
171117,1
34110,1
76845,0
16788,1
4912,0
79274,1
90038,0
62395,0
65679,0
52812,0
23780,0
64981,1
43482,0
94923,0
46406,1
18056,1
66005,0
35419,1
94869,0
54340,0
213629,0
34345,0
120163,0
83709,0
54154,0
23748,1
98786,0
9602,1
99402,0
71732,1
72480,0
21957,0
26672,0
329738,0
453201,0
26563,1
119249,0
45971,0
14134,1
9533,1
101028,0
16185,1
228424,0
19540,1
265222,0
33407,0
227267,1
59380,0
193882,0
31724,0
209946,0
13206,1
6146,0
160491,0
72926,1
53615,0
20944,0
55346,1
66365,0
67932,0
87750,1
77594,1
59592,1
22135,1
247141,0
8205,0
87079,1
35789,0
28237,1
76001,1
26114,1
17017,1
2104,1
379810,0
83682,1
218760,1
34979,1
23683,0
232063,0
103419,0
44954,0
82382,1
75211,0
20385,0
264668,1
8270,0
7865,0
87298,0
52552,0
84705,0
63188,1
84120,1
7578,1
55308,0
147391,1
28995,1
114293,0
362813,0
22170,1
2995,1
76953,1
53386,1
44255,1
79522,0
60886,1
67484,0
86382,1
101402,1
248691,1
25098,0
53783,0
57952,0
29579,1
170873,0
16215,1
44934,1
10611,0
31838,1
18977,1
139898,0
41955,0
52144,0
279190,1
16566,1
11591,1
27846,1
215337,1
111040,1
190677,1
29389,1
41649,1
53403,1
24541,0
38487,0
39273,0
31794,1
18398,0
66312,0
66638,1
21184,0
44270,1
74394,0
73184,0
184660,1
93315,0
17156,1
400820,0
352911,0
69189,0
47496,1
41097,1
37977,1
61163,0
47547,0
59612,0
48423,0
34394,1
48134,1
140639,1
48310,0
55172,0
22889,1
37381,1
47392,0
38345,0
9881,1
34815,0
58604,0
82200,0
76889,0
253369,1
527,1
44251,1
40600,0
59595,0
24818,1
62006,1
39823,1
19561,0
33092,0
1044,0
106041,0
52427,1
4685,0
37129,0
45658,1
34363,0
142211,0
176779,0
42942,0
250255,1
56969,1
24267,0
20332,1
3359,0
100243,0
41998,1
228504,1
37484,0
52328,0
117784,1
74041,1
23953,1
22667,1
32597,1
87899,0
29102,1
7880,1
63879,1
446231,0
61762,0
34843,1
26543,0
75661,0
52543,0
255153,0
76163,1
45408,0
27,0
37058,1
20120,1
242034,1
70548,1
12616,0
227046,1
389173,0
68889,1
45223,0
40944,0
51860,0
37914,0
24318,1
66548,1
109465,0
28806,1
144254,0
7137,1
30092,0
74387,1
21989,0
26996,0
22663,0
46296,0
138666,1
51618,1
19652,0
27839,1
18843,1
4201,1
108758,0
88052,0
52463,0
57141,0
47413,0
94427,0
63864,1
105901,0
72679,0
148897,0
132548,0
28567,0
2624,1
47251,0
149952,0
7187,0
61112,1
43015,1
31302,0
172093,1
68567,1
35082,1
122059,0
8129,1
22208,1
46552,1
41525,0
25251,1
70952,0
88277,1
413537,0
31820,1
85399,1
80889,0
26487,1
64043,1
33409,0
39064,0
25923,1
223339,1
27336,0
227888,0
23329,1
56889,1
375098,0
25704,0
123346,0
20510,0
17503,1
9803,1
19966,0
3820,0
48304,1
38329,1
24855,1
77980,0
56814,0
51025,0
19898,0
18181,1
415973,0
19651,0
34666,1
19715,0
43701,1
23320,0
180349,0
70110,1
3492,0
46886,1
58148,1
67381,0
59231,0
62596,1
232598,0
69643,0
46959,1
34276,1
83537,0
119933,0
44854,0
16324,1
42957,1
219067,0
4371,1
128257,0
40007,0
442825,0
226450,1
5176,1
3724,0
32044,1
54686,1
399145,0
26424,0
336133,0
59187,0
232552,1
57968,1
19063,0
113933,1
274026,1
72981,1
31863,0
81294,1
70000,1
6038,0
21742,1
14334,1
26640,1
23486,0
95650,0
410063,0
250927,1
65618,1
122083,1
129255,0
69048,0
18365,1
451206,0
21843,1
238463,1
3065,0
23614,0
38283,1
67773,1
143513,1
137548,0
9778,1
37159,0
89809,0
6094,0
291537,0
82582,1
33355,1
238709,0
31628,1
25886,1
73295,1
37099,1
115427,1
204555,0
143394,0
136736,0
21861,1
61724,0
76662,1
23886,0
27144,1
19890,0
95324,0
110860,1
22532,1
30558,1
17152,1
14595,0
71427,0
36366,1
45381,1
49529,1
35076,0
28375,0
90109,0
78491,0
875,1
69985,0
18918,0
17626,1
22825,1
81227,0
1197,0
99626,0
37474,1
26327,0
460202,0
66377,1
11966,1
65642,0
30079,1
93405,0
47044,1
84731,0
23364,0
56217,1
7149,1
19912,1
31548,0
142052,0
198387,0
132732,1
82403,0
30549,1
83120,0
28672,0
52751,1
66115,1
20808,0
142326,0
78333,0
56769,1
16289,1
185174,0
16049,1
54835,0
93642,0
27301,1
8120,1
16334,1
57978,1
64063,0
1645,1
30595,1
101456,1
16667,1
99430,0
15620,0
88450,0
10137,1
63598,0
41534,0
23867,1
39373,1
41343,1
141590,1
130781,1
29582,0
34800,1
31031,0
39736,0
27355,1
60724,0
91309,0
44049,0
85815,1
171287,1
10431,1
43375,1
366378,0
92574,0
51497,1
202810,0
55835,0
14553,1
115973,1
35614,0
98476,0
166381,0
70212,1
74315,1
60525,0
142941,0
142582,0
181712,1
23069,0
21421,1
3369,1
45678,1
408206,0
11980,0
114903,0
218697,1
28181,0
85194,1
76051,0
80005,1
65144,1
38101,1
16582,1
57377,1
57726,1
45522,1
30582,1
73769,0
273867,0
257946,1
412899,0
25035,1
202006,1
14636,0
30570,1
207172,1
58392,1
247686,1
35542,1
12428,0
37110,1
74985,0
35026,0
49915,0
42704,1
56842,1
63380,0
43845,1
48674,0
29447,1
115446,0
83679,0
40156,1
77857,0
45353,1
43678,1
31823,1
55550,0
58503,1
171002,0
50116,1
195155,0
98782,0
100518,0
105098,0
78560,0
21806,1
152104,1
9489,1
64968,0
56576,0
14410,0
46573,0
28821,0
63362,0
130077,0
70120,1
114397,0
30980,0
20483,1
79087,1
62416,0
160523,1
86811,0
73983,0
1424,0
56260,0
83677,0
20556,1
155491,0
70748,1
40544,1
11773,0
25489,1
114376,1
38814,0
42287,1
6048,1
151215,0
76396,1
55068,0
68958,1
14339,0
44330,0
87609,1
33438,0
142648,0
38217,1
19197,0
256487,1
45309,1
12224,1
67920,1
144749,1
97157,0
25590,0
17086,0
79312,1
40183,0
13916,1
6985,0
30267,0
4773,0
12648,1
39557,0
33969,1
50510,0
80755,1
90125,0
25021,0
206384,1
20206,0
10731,1
52294,0
6923,0
14265,0
65892,1
69806,1
15487,1
72293,0
29577,0
455653,0
42022,1
47660,0
100262,0
186630,1
17144,0
63097,0
66724,0
69838,0
116720,0
27888,1
24972,0
133994,0
20902,1
36542,1
54972,0
24661,1
239282,0
79934,0
32127,1
82099,0
52608,1
38975,0
10097,1
110752,0
2744,0
36264,0
12932,1
199288,1
17965,1
36206,0
142458,0
107360,0
24494,0
76650,1
45869,1
36917,1
79886,0
81292,1
61853,0
229173,0
3886,1
81512,1
61454,0
95115,0
21202,1
81704,0
167141,1
49675,0
27199,0
57738,0
77847,1
2210,1
20928,1
32096,0
139237,0
86999,0
3595,1
5435,0
69681,1
21183,1
70456,1
65420,1
26375,0
33789,0
110195,0
2742,1
2314,0
32877,1
24382,0
198711,0
28520,1
54269,1
59316,0
64664,1
64970,0
863,1
23742,0
28774,0
49989,0
54696,1
39464,0
35537,0
103543,0
62434,0
21276,1
51496,1
126927,1
94259,0
68808,1
74457,1
158655,1
42018,1
183729,1
37143,1
69691,0
48125,0
14621,0
116644,1
1915,1
90950,0
53200,1
36789,0
71696,0
28517,1
28441,1
87697,1
114108,0
59910,0
28452,0
42135,1
75910,1
56501,1
6209,1
145218,0
66762,1
65723,1
40970,0
7973,0
172125,1
7670,1
231711,1
55784,1
37310,0
50445,1
242679,1
315302,0
90867,0
57031,1
315354,0
7240,1
144044,0
42054,1
196584,0
285196,1
80448,1
94900,1
232750,1
279762,1
74186,1
29378,0
125829,0
75486,1
38951,1
45218,1
56183,0
36753,0
141512,0
97258,0
70421,0
239211,1
26400,0
98854,0
211817,1
7107,0
8140,1
58714,0
45425,1
123562,0
23944,1
40636,1
143011,0
32298,1
44719,0
32033,0
14616,0
406037,0
48447,0
72170,1
79030,1
9319,1
45259,1
18749,1
39794,0
44315,0
66590,1
30714,1
41977,1
22246,1
85188,1
56256,1
35242,0
155091,1
223010,1
156608,1
12048,1
61845,1
125686,0
30228,1
192923,1
86533,1
26331,0
47314,1
139291,0
73302,1
32149,1
73296,1
108026,0
248152,1
17194,1
144465,0
54834,0
100329,1
7997,1
79957,1
28717,0
135382,0
31525,0
59772,0
50026,0
8424,0
60018,1
36014,1
140986,0
108741,1
20968,1
75603,0
18729,1
43404,1
22122,1
66121,1
41011,1
36528,0
29558,1
80936,0
72243,1
23833,0
27334,0
21857,1
44093,0
339066,0
80402,0
61115,1
80041,1
20083,0
17338,1
74068,1
69316,0
1547,1
358368,0
232426,1
5607,0
180170,1
15060,1
12593,0
24446,1
75988,0
32726,0
37146,0
206724,1
36800,1
76417,1
43870,1
88426,1
122012,0
63779,0
240952,1
2875,0
192916,1
30259,0
1257,0
227832,0
35277,1
48915,1
195,1
25640,0
20004,1
56656,0
62317,1
63769,0
79378,1
17767,1
249793,0
38968,1
18775,0
35571,1
23327,1
32508,1
47759,1
310038,0
20853,1
67654,0
49258,0
28744,1
83313,1
27020,1
210612,1
87993,0
49947,0
6256,1
45124,1
13638,0
9731,0
22121,1
64917,1
69967,0
6616,1
45761,1
47666,1
46000,1
32486,1
40458,0
23129,1
6045,0
29942,1
4831,1
238888,1
47125,1
159222,1
64302,1
55140,1
25444,0
51382,1
77145,1
24114,0
21998,1
18759,1
30664,0
86994,1
45446,1
352383,0
16557,1
21210,1
350448,0
51577,0
35455,0
18267,0
54969,1
49178,1
34107,1
28914,0
44996,1
40331,0
44756,0
21104,1
58201,0
231479,1
32004,1
72555,0
340422,0
10748,1
22395,1
7135,0
17630,1
36688,1
221313,0
67618,1
33229,1
175195,0
96528,0
29731,0
26004,1
185215,1
227914,1
45460,0
8040,0
25560,1
33598,0
1517,1
39339,1
31171,0
53244,1
60866,1
306321,0
4397,1
63072,1
216796,1
90687,0
107966,0
14603,1
185037,1
12066,1
37472,1
16984,0
74533,0
26976,1
30128,1
124523,0
111440,0
111262,0
16113,1
189343,1
27510,1
19238,1
3962,1
24072,0
44261,0
23684,0
53721,0
140711,0
20795,1
18879,0
121079,0
149560,1
9747,1
55517,1
19761,1
12039,1
27551,0
31371,1
30488,1
1140,0
51103,1
40820,1
30841,1
21108,1
51058,0
35582,0
331624,0
82502,1
47141,1
41597,1
87886,0
20217,1
3528,1
79661,1
65081,0
41847,0
30074,1
18575,0
3966,1
78593,1
5150,1
19531,1
37720,1
12506,1
49013,0
135259,1
31842,1
133640,0
84155,0
180227,0
226844,0
138179,1
28714,0
95092,0
43341,1
78842,1
79095,1
36533,0
247952,0
95554,1
24403,1
2074,1
2990,0
78414,0
95593,0
46751,0
12739,0
35397,1
92017,0
20545,1
432073,0
306475,0
42493,0
88401,0
456115,0
40540,1
44614,1
54910,0
42747,0
204552,1
65533,1
87732,0
34640,1
31351,1
5681,1
255,0
36018,1
38046,1
67252,1
15758,0
53904,1
81775,1
267931,1
28500,0
22290,1
451616,0
41601,0
75896,1
44513,0
32972,0
48233,1
86932,0
24262,1
46606,1
84566,1
6783,0
54693,1
7568,0
88652,1
47236,0
91083,0
443651,0
402952,0
51318,0
95468,0
236302,1
123834,0
27191,1
224539,1
83832,0
20074,1
168354,0
11776,0
62315,0
119446,1
62652,0
52376,0
13120,1
197879,0
46568,0
8305,0
472602,0
32251,0
3729,0
247906,0
43357,1
54275,1
87829,0
104653,0
25558,1
6338,0
18182,1
179452,1
61718,1
159366,0
97532,0
171991,1
22397,1
49321,0
57759,0
30819,1
34166,0
227012,0
63021,0
79207,0
63120,0
28089,0
72307,1
67339,0
86798,0
56095,1
167980,0
84360,1
17060,1
18506,1
57372,1
19921,1
22281,1
38085,1
39471,1
66164,1
56090,0
10847,1
97011,1
43320,1
77289,1
55300,1
18998,0
43167,0
48935,1
252726,1
42480,1
168566,1
69012,0
119287,0
22284,1
89136,0
16209,0
30931,1
82650,1
58022,1
37574,0
23922,0
36139,0
215372,1
224315,1
1340,0
18383,1
27340,1
158586,1
17896,0
98509,0
7186,0
95462,0
211107,0
56168,0
77219,0
26427,1
15687,1
63628,1
17443,0
65827,1
25523,0
60807,0
232212,0
79818,0
435133,0
197305,1
170704,1
90093,0
31072,0
29888,1
69257,1
9651,1
77324,0
96066,0
59235,1
124849,0
108768,0
19808,1
41086,1
207037,0
19590,0
22393,1
58728,0
2561,1
73386,1
61992,0
54758,0
72501,0
39741,1
92973,0
22411,1
142335,1
4212,1
79653,1
8986,0
59802,0
39900,0
27170,1
88914,0
59372,0
64802,0
89925,0
30261,1
114269,0
358641,0
100932,0
18649,1
78955,1
29323,1
313983,0
283293,1
12063,1
3401,1
65157,0
283222,1
139423,1
44412,1
69361,0
25817,1
88865,0
409792,0
58521,0
10307,0
160901,1
75476,1
181227,1
44802,0
16235,0
377165,0
115905,1
35166,0
88325,0
26041,0
241154,1
141574,0
144576,0
3982,0
90303,0
55967,1
156293,1
75146,1
26229,0
101298,0
65130,1
25166,1
92526,0
42854,0
17046,0
39862,0
38510,0
15466,1
67698,1
22316,0
77955,1
76602,0
19990,1
451125,0
18041,1
93209,0
364186,0
59687,0
28456,1
109398,0
86074,0
34554,0
41120,1
85038,1
219757,0
59837,1
27721,0
95824,0
662,0
37090,1
150022,1
6708,1
44316,1
292024,0
14252,1
120137,0
30256,1
47606,0
222322,1
412213,0
71844,1
47653,0
25628,0
2035,0
172388,0
33933,0
9285,0
17950,0
35368,1
38347,1
389740,0
60142,0
4175,0
85500,0
159997,1
10140,0
84969,0
722,1
6170,1
235694,1
10198,1
8793,0
43761,0
40075,0
42903,1
155318,1
42624,1
95619,0
62450,0
211913,1
131755,0
10639,1
40630,1
160042,0
23400,0
55945,1
11553,0
103594,1
144244,1
43919,1
62623,1
97187,0
48036,1
26441,1
19246,1
22267,0
76553,0
131963,0
28828,0
82522,1
30659,1
49879,1
39611,0
61303,0
271921,1
6355,0
6791,0
44078,0
44459,1
24484,1
83543,1
59853,0
110393,0
9170,1
87173,0
124224,0
99398,0
36995,1
50391,0
21230,1
