442
532
37
709
123
551
746
103
466
155
223
30
292
677
188
714
99
173
697
21
558
81
552
278
411
712
286
550
767
119
432
527
353
719
471
4
681
735
737
702
750
640
83
626
555
98
549
611
32
122
564
578
267
167
655
88
707
156
567
321
445
263
483
175
742
421
181
255
218
247
507
194
720
745
477
280
311
372
44
178
698
699
786
716
369
684
733
788
294
538
560
144
458
704
65
393
622
27
433
265
387
230
494
706
172
171
405
221
236
256
389
384
354
576
297
325
736
441
217
137
744
557
448
779
5
682
91
619
511
469
334
456
245
489
303
134
249
749
439
165
647
731
773
352
74
18
695
67
649
314
673
657
436
792
174
340
680
705
548
344
291
362
120
621
639
379
727
763
209
468
413
166
766
451
115
756
315
339
583
2
505
691
543
502
132
627
160
189
108
40
596
392
473
666
516
117
66
193
198
414
72
206
617
651
301
214
373
450
281
416
406
57
20
129
739
186
222
308
219
31
146
341
356
400
38
770
464
418
634
212
570
285
430
149
254
342
607
25
355
784
26
665
227
164
754
190
127
508
598
298
162
604
650
793
778
664
268
777
304
56
556
660
232
623
437
504
574
625
87
310
145
349
93
327
725
183
751
316
300
542
624
131
774
592
